1.000000000 0.000000000 0.000000000 0.000000000 0.000000000 0.999999940 0.000000000 0.000000000 0.000000000 0.000000000 0.999999940 0.000000000
0.999991357 -0.002469386 -0.003351852 -0.002941933 0.002462061 0.999994516 -0.002187405 -0.005390749 0.003357235 0.002179133 0.999991953 0.666481555
0.999968827 -0.001607801 -0.007726931 -0.007608359 0.001580662 0.999992430 -0.003517086 -0.010734174 0.007732528 0.003504762 0.999963880 1.374503374
0.999932706 -0.001358169 -0.011526519 -0.024963526 0.001301237 0.999986887 -0.004945282 -0.012634045 0.011533084 0.004929950 0.999921322 2.078984022
0.999864697 -0.000145970 -0.016456073 -0.044313528 0.000052902 0.999983907 -0.005655868 -0.014705908 0.016456636 0.005654230 0.999848604 2.809126139
0.999786973 -0.000999166 -0.020614704 -0.064151704 0.000882630 0.999983549 -0.005661373 -0.030696083 0.020620024 0.005641971 0.999771476 3.550222874
0.999684095 0.000856932 -0.025118917 -0.089812726 -0.001034476 0.999974549 -0.007055975 -0.033315938 0.025112230 0.007079731 0.999659538 4.305818558
0.999554634 0.003661743 -0.029615920 -0.124636143 -0.003890294 0.999963045 -0.007663215 -0.044190317 0.029586764 0.007775017 0.999531984 5.065621376
0.999418795 0.003949994 -0.033858102 -0.156261876 -0.004155933 0.999973238 -0.006014186 -0.051394068 0.033833448 0.006151402 0.999408484 5.847661018
0.999257505 0.003279537 -0.038386866 -0.190250561 -0.003419207 0.999987721 -0.003573393 -0.055250011 0.038374685 0.003701992 0.999256551 6.651652813
0.999125361 0.002884350 -0.041715428 -0.230958790 -0.002909561 0.999995589 -0.000543634 -0.067462675 0.041713685 0.000664532 0.999129295 7.455818176
0.999021828 0.004246417 -0.044015788 -0.278351188 -0.004314261 0.999989629 -0.001446488 -0.073540181 0.044009194 0.001634968 0.999029756 8.264500618
0.998927653 0.004091753 -0.046118986 -0.328950107 -0.004180828 0.999989569 -0.001835102 -0.080431283 0.046110999 0.002025950 0.998934269 9.090313911
0.998862028 0.001290894 -0.047678225 -0.371751130 -0.001407401 0.999996126 -0.002410106 -0.085534908 0.047674928 0.002474465 0.998859763 9.924533844
0.998751819 0.000762223 -0.049942769 -0.413164437 -0.000833488 0.999998629 -0.001406129 -0.094968304 0.049941622 0.001446000 0.998751044 10.772348404
0.998644531 -0.000900087 -0.052042186 -0.453518182 0.000789921 0.999997497 -0.002137389 -0.098811783 0.052043963 0.002093382 0.998642564 11.629907608
0.998571098 0.001416098 -0.053421076 -0.505480349 -0.001614599 0.999991953 -0.003672815 -0.118837029 0.053415433 0.003753821 0.998565257 12.463215828
0.998506010 0.001782281 -0.054612979 -0.563638985 -0.002145437 0.999975979 -0.006591727 -0.124314383 0.054599911 0.006699046 0.998485863 13.332427025
0.998427033 0.005678829 -0.055778410 -0.629605234 -0.006149950 0.999946833 -0.008278277 -0.137732968 0.055728432 0.008608288 0.998408794 14.203870773
0.998326600 0.006351540 -0.057478853 -0.673316479 -0.006814539 0.999945879 -0.007862694 -0.149451762 0.057425797 0.008241226 0.998315752 15.098917961
0.998248339 0.006067854 -0.058851857 -0.732288241 -0.006420202 0.999962509 -0.005799789 -0.173217565 0.058814462 0.006167469 0.998249829 15.982666969
0.998175859 0.006838157 -0.059986725 -0.794362426 -0.007124834 0.999964178 -0.004566430 -0.182248190 0.059953351 0.004985495 0.998188674 16.879457474
0.998138547 0.006497019 -0.060641687 -0.857332826 -0.006769005 0.999967873 -0.004280799 -0.200478405 0.060611930 0.004683314 0.998150408 17.784702301
0.998015583 0.006261745 -0.062654018 -0.913200498 -0.006590975 0.999965549 -0.005049426 -0.213192955 0.062620230 0.005452357 0.998022497 18.689554214
0.997958720 0.004787110 -0.063682571 -0.973782301 -0.005156006 0.999970853 -0.005629666 -0.226109400 0.063653767 0.005946522 0.997954249 19.602857590
0.997916520 0.004623431 -0.064352699 -1.030691147 -0.004880293 0.999980748 -0.003834852 -0.238633513 0.064333737 0.004140922 0.997919798 20.519195557
0.997915745 0.006537686 -0.064197652 -1.098051667 -0.006598129 0.999977946 -0.000729560 -0.246283293 0.064191461 0.001151624 0.997936904 21.445281982
0.997978151 0.007494246 -0.063115992 -1.162128568 -0.007312981 0.999968410 0.003102445 -0.255516648 0.063137241 -0.002634606 0.998001337 22.374879837
0.998095989 0.006668415 -0.061318930 -1.229182243 -0.006329249 0.999963582 0.005723794 -0.258324087 0.061354857 -0.005324792 0.998101771 23.310203552
0.998160422 0.006593279 -0.060269322 -1.275763631 -0.006195589 0.999957800 0.006783043 -0.268877268 0.060311493 -0.006397160 0.998159051 24.253402710
0.998243928 0.006980815 -0.058825582 -1.333683372 -0.006761213 0.999969363 0.003931314 -0.274654120 0.058851212 -0.003526678 0.998260438 25.197923660
0.998286426 0.007504577 -0.058034755 -1.391653061 -0.007559288 0.999971151 -0.000723226 -0.280202121 0.058027651 0.001160688 0.998314261 26.135587692
0.998381555 0.006898179 -0.056451373 -1.454344869 -0.007106240 0.999968648 -0.003485789 -0.294181913 0.056425549 0.003881304 0.998399317 27.076990128
0.998422503 0.004186972 -0.055991605 -1.503776908 -0.004333535 0.999987423 -0.002496453 -0.304021239 0.055980444 0.002735157 0.998427987 28.034688950
0.998439491 0.002476567 -0.055788886 -1.566568017 -0.002342818 0.999994159 0.002462683 -0.313883007 0.055794660 -0.002328136 0.998439431 29.009634018
0.998391211 -0.001172586 -0.056689750 -1.617981553 0.001514379 0.999980986 0.005986611 -0.325091094 0.056681659 -0.006062829 0.998373866 29.977910995
0.998281240 -0.008586233 -0.057974368 -1.665156245 0.008908840 0.999946296 0.005308480 -0.330529809 0.057925671 -0.005815840 0.998303950 30.955669403
0.998186588 -0.011005399 -0.059183534 -1.721225142 0.011120199 0.999936819 0.001610691 -0.337359160 0.059162069 -0.002265902 0.998245776 31.917533875
0.998113871 -0.010616031 -0.060464770 -1.784768820 0.010490945 0.999942183 -0.002385803 -0.344024330 0.060486592 0.001746970 0.998167396 32.893363953
0.998015165 -0.009091035 -0.062313940 -1.858850479 0.008915929 0.999955416 -0.003087551 -0.353430152 0.062339231 0.002525836 0.998051703 33.882904053
0.997945666 -0.009658990 -0.063333206 -1.912300825 0.009584310 0.999952912 -0.001482884 -0.366117626 0.063344561 0.000872832 0.997991204 34.849521637
0.997884989 -0.006717985 -0.064655423 -1.982681513 0.006815826 0.999975801 0.001292817 -0.378068686 0.064645201 -0.001730763 0.997906744 35.846771240
0.997814536 -0.006168540 -0.065787934 -2.053244591 0.006341700 0.999976933 0.002423580 -0.388348460 0.065771490 -0.002835491 0.997830689 36.840637207
0.997752666 -0.005359990 -0.066789262 -2.123895884 0.005706226 0.999971271 0.004994335 -0.393781543 0.066760570 -0.005364226 0.997754574 37.819911957
0.997774661 -0.005170429 -0.066474594 -2.192046165 0.005730218 0.999949694 0.008233175 -0.404802173 0.066428684 -0.008595767 0.997754157 38.816516876
0.997750998 0.000730238 -0.067024924 -2.267811298 -0.000032444 0.999945819 0.010411458 -0.406506628 0.067028895 -0.010385871 0.997696936 39.798759460
0.997741997 0.000709766 -0.067160785 -2.348452091 -0.000060374 0.999953270 0.009670760 -0.408261150 0.067164510 -0.009644868 0.997695386 40.796566010
0.997736633 0.000465209 -0.067241803 -2.407480478 0.000095586 0.999965191 0.008336520 -0.417264313 0.067243345 -0.008324078 0.997701883 41.787391663
0.997741699 0.003015717 -0.067100294 -2.489231348 -0.002628481 0.999979377 0.005858530 -0.419550329 0.067116573 -0.005668928 0.997729063 42.780990601
0.997702956 0.002520887 -0.067693748 -2.566430092 -0.002118602 0.999979615 0.006013843 -0.423992664 0.067707531 -0.005856615 0.997687936 43.759841919
0.997601330 0.000260441 -0.069220431 -2.625142813 0.000249274 0.999972880 0.007354908 -0.434640914 0.069220483 -0.007354520 0.997574270 44.747322083
0.997534096 0.000560530 -0.070181407 -2.694964886 0.000026927 0.999964893 0.008369333 -0.438645303 0.070183650 -0.008350585 0.997499108 45.737171173
0.997548342 0.003547977 -0.069890752 -2.780326843 -0.003217404 0.999983013 0.004841857 -0.452669591 0.069906764 -0.004605119 0.997542858 46.703277588
0.997463346 0.003537706 -0.071094483 -2.847837448 -0.003484410 0.999993503 0.000873649 -0.459109575 0.071097098 -0.000623711 0.997469187 47.662322998
0.997416914 0.004595892 -0.071682312 -2.924342155 -0.004642334 0.999989092 -0.000481312 -0.465017170 0.071679324 0.000812842 0.997427344 48.633388519
0.997412980 0.003373859 -0.071805716 -2.999665976 -0.003131348 0.999989033 0.003489607 -0.485025227 0.071816713 -0.003255730 0.997412503 49.608005524
0.997398436 0.001328583 -0.072071806 -3.058388948 -0.000863417 0.999978602 0.006484962 -0.491206735 0.072078891 -0.006405864 0.997378349 50.567790985
0.997373283 -0.000411200 -0.072430648 -3.128181458 0.000939650 0.999973178 0.007262016 -0.502033055 0.072425723 -0.007311001 0.997346997 51.532707214
0.997344732 -0.003690912 -0.072730787 -3.197673798 0.004133467 0.999973893 0.005935264 -0.508160710 0.072706982 -0.006220136 0.997333944 52.490131378
0.997309566 -0.007301397 -0.072939828 -3.263915539 0.007671374 0.999959052 0.004793489 -0.514954269 0.072901830 -0.005340143 0.997324824 53.440853119
0.997234762 -0.008699891 -0.073805265 -3.337413788 0.009158609 0.999940693 0.005879075 -0.522039533 0.073749736 -0.006538772 0.997255325 54.394855499
0.997101307 -0.012057824 -0.075124197 -3.402162075 0.012848536 0.999866843 0.010050952 -0.526989996 0.074992999 -0.010987054 0.997123480 55.342884064
0.997070193 -0.012406548 -0.075478487 -3.475272417 0.013573310 0.999795854 0.014964936 -0.530146122 0.075277403 -0.015945585 0.997035086 56.286598206
0.997062385 -0.010562156 -0.075861566 -3.555613518 0.011885885 0.999784529 0.017019065 -0.528266370 0.075665481 -0.017870752 0.996973097 57.234741211
0.996970117 -0.009377164 -0.077217400 -3.632446051 0.010403470 0.999862552 0.012899607 -0.527743101 0.077085845 -0.013663853 0.996930718 58.163024902
0.996865451 -0.007689122 -0.078740545 -3.704862356 0.008121261 0.999953628 0.005169410 -0.533314764 0.078697145 -0.005792676 0.996881723 59.068679810
0.996813416 -0.006079365 -0.079536907 -3.787144423 0.006154654 0.999980748 0.000701469 -0.546173275 0.079531141 -0.001188756 0.996831596 59.994689941
0.996792734 -0.000805329 -0.080023140 -3.875940561 0.000927541 0.999998450 0.001490043 -0.556053698 0.080021821 -0.001559489 0.996791840 60.894996643
0.996657014 0.001938164 -0.081675380 -3.954953909 -0.001622563 0.999990940 0.003930283 -0.569117188 0.081682265 -0.003784621 0.996651113 61.793552399
0.996562660 0.004208552 -0.082735375 -4.029840469 -0.003777044 0.999978364 0.005371362 -0.581537366 0.082756184 -0.005040403 0.996557057 62.668373108
0.996450305 0.004799885 -0.084047087 -4.105551720 -0.004408938 0.999978542 0.004836529 -0.586347580 0.084068492 -0.004448802 0.996450007 63.536483765
0.996322811 0.006478114 -0.085434362 -4.185192108 -0.005982334 0.999963760 0.006057787 -0.598971784 0.085470513 -0.005524415 0.996325374 64.380760193
0.996188819 0.007510539 -0.086900048 -4.263458729 -0.006962041 0.999954045 0.006613174 -0.608984172 0.086945727 -0.005982968 0.996195138 65.220817566
0.996073246 0.007174814 -0.088242099 -4.336881161 -0.006560012 0.999952078 0.007255243 -0.621773601 0.088289939 -0.006647885 0.996072531 66.029785156
0.995977402 0.006908582 -0.089338332 -4.411054611 -0.006194006 0.999946535 0.008273300 -0.627223253 0.089390710 -0.007686657 0.995966911 66.833717346
0.995826781 0.009714264 -0.090744577 -4.488982677 -0.008747132 0.999900639 0.011049391 -0.633921921 0.090842903 -0.010209523 0.995812833 67.633171082
0.995677888 0.011247226 -0.092189699 -4.565065384 -0.009896882 0.999837041 0.015091577 -0.637106538 0.092344411 -0.014113958 0.995627046 68.415908813
0.995493829 0.014124096 -0.093769111 -4.649536133 -0.012609290 0.999780595 0.016727559 -0.638870835 0.093984798 -0.015469819 0.995453298 69.199058533
0.995357871 0.017176174 -0.094698422 -4.735104561 -0.016040718 0.999790132 0.012738490 -0.645259142 0.094897337 -0.011160322 0.995424569 69.938972473
0.995198488 0.017097205 -0.096372999 -4.804481506 -0.016640143 0.999846101 0.005544396 -0.652071595 0.096452959 -0.003914114 0.995329857 70.661842346
0.995083749 0.016209925 -0.097701795 -4.878323078 -0.016314171 0.999866843 -0.000268138 -0.659765124 0.097684428 0.001860744 0.995215654 71.369117737
0.995028615 0.016747493 -0.098171137 -4.951025963 -0.016982434 0.999854505 -0.001557973 -0.663165808 0.098130770 0.003217412 0.995168209 72.063064575
0.994911373 0.019517066 -0.098846056 -5.029444218 -0.019407436 0.999809563 0.002070546 -0.674190640 0.098867647 -0.000141661 0.995100558 72.738304138
0.994779527 0.019909201 -0.100087337 -5.101755142 -0.019557914 0.999798715 0.004489847 -0.691324472 0.100156568 -0.002508909 0.994968474 73.391716003
0.994741023 0.016675822 -0.101056449 -5.165699959 -0.016650455 0.999860764 0.001094567 -0.699501455 0.101060636 0.000593825 0.994880080 74.021347046
0.994825602 0.008490776 -0.101241343 -5.213512897 -0.008919861 0.999953032 -0.003786290 -0.717883110 0.101204440 0.004669756 0.994854629 74.636253357
0.994948745 0.004568299 -0.100280493 -5.266242504 -0.005499375 0.999944270 -0.009010239 -0.718978822 0.100233741 0.009516206 0.994918406 75.234947205
0.995235980 0.006711867 -0.097263433 -5.324012756 -0.007642928 0.999928474 -0.009203155 -0.731726408 0.097194687 0.009902688 0.995216072 75.817115784
0.995602727 0.011956161 -0.092910260 -5.391679287 -0.012557870 0.999903798 -0.005894283 -0.748665214 0.092830844 0.007035118 0.995656967 76.384468079
0.996033549 0.010444279 -0.088364348 -5.439365387 -0.010726107 0.999938786 -0.002715149 -0.758556724 0.088330559 0.003652184 0.996084452 76.941177368
0.996567428 0.006777342 -0.082507432 -5.476352692 -0.006710363 0.999976873 0.001089048 -0.762799323 0.082512893 -0.000531656 0.996589839 77.487937927
0.997249246 0.002272369 -0.074087270 -5.509653091 -0.001921169 0.999986589 0.004811286 -0.779653549 0.074097194 -0.004655716 0.997240186 78.015487671
0.997949302 0.006055510 -0.063723646 -5.535296440 -0.005779659 0.999973118 0.004512309 -0.785321236 0.063749269 -0.004134754 0.997957349 78.532417297
0.998757362 0.011261882 -0.048548013 -5.563118935 -0.011078693 0.999930501 0.004040761 -0.792255521 0.048590146 -0.003497892 0.998812675 79.036956787
0.999408841 0.016238170 -0.030303519 -5.579039574 -0.016105767 0.999859631 0.004608170 -0.797838390 0.030374099 -0.004117384 0.999530017 79.531753540
0.999853611 0.014930571 -0.008352235 -5.565359592 -0.014887352 0.999875605 0.005213054 -0.803785205 0.008429036 -0.005087948 0.999951482 80.011032104
0.999774396 0.011420012 0.017908340 -5.536043167 -0.011531943 0.999914527 0.006159412 -0.809544563 -0.017836470 -0.006364541 0.999820650 80.462211609
0.998833001 0.010260079 0.047194980 -5.488389015 -0.010627142 0.999915123 0.007533275 -0.814627230 -0.047113687 -0.008026032 0.998857319 80.919509888
0.996718705 0.009798993 0.080347694 -5.431954384 -0.010580053 0.999900758 0.009301027 -0.823927641 -0.080248572 -0.010120591 0.996723473 81.370140076
0.992963076 0.009923547 0.118007481 -5.356369972 -0.011126035 0.999892592 0.009535501 -0.825117230 -0.117900185 -0.010781355 0.992966890 81.813697815
0.987094879 0.009623230 0.159846678 -5.272698402 -0.011302219 0.999890089 0.009597895 -0.832966089 -0.159736767 -0.011280656 0.987095177 82.212928772
0.978706181 0.009315874 0.205054909 -5.158512115 -0.011479088 0.999890327 0.009362372 -0.836606145 -0.204945222 -0.011516853 0.978705645 82.629623413
0.967218757 0.011347217 0.253690869 -5.019088745 -0.013670453 0.999879241 0.007396686 -0.845686853 -0.253576279 -0.010622279 0.967257023 83.030616760
0.951616347 0.012444487 0.307036519 -4.868379593 -0.014542529 0.999883890 0.004546253 -0.852370799 -0.306944311 -0.008791372 0.951686859 83.414146423
0.931761026 0.012958428 0.362840772 -4.689241409 -0.014690308 0.999890029 0.002014247 -0.853463769 -0.362774789 -0.007207036 0.931848884 83.781547546
0.907605946 0.013011332 0.419621617 -4.500072479 -0.014588537 0.999893427 0.000549770 -0.864302397 -0.419569790 -0.006620638 0.907698929 84.100502014
0.878391385 0.013445918 0.477752775 -4.281875610 -0.014267604 0.999896407 -0.001908909 -0.864914417 -0.477728933 -0.005139615 0.878492236 84.428810120
0.844894648 0.012191709 0.534793735 -4.036899567 -0.011891060 0.999921262 -0.004009129 -0.872633159 -0.534800529 -0.002971972 0.844973087 84.734024048
0.807963967 0.011771755 0.589114308 -3.773937225 -0.010516650 0.999929249 -0.005557240 -0.879009068 -0.589137971 -0.001705459 0.808030605 85.021408081
0.767656803 0.010724252 0.640771329 -3.496513367 -0.009618209 0.999940097 -0.005212669 -0.884119034 -0.640788794 -0.002161530 0.767714024 85.298248291
0.725923419 0.009331313 0.687712193 -3.205131531 -0.010688284 0.999940276 -0.002285665 -0.900065541 -0.687692404 -0.005691244 0.725979865 85.524803162
0.681282640 0.008578364 0.731970370 -2.903850555 -0.009897866 0.999947906 -0.002506488 -0.901849389 -0.731953561 -0.005537318 0.681331813 85.733505249
0.634526551 0.007457292 0.772865176 -2.583999634 -0.006787298 0.999968708 -0.004076184 -0.906349123 -0.772871375 -0.002659219 0.634557068 85.939971924
0.587770581 0.004820642 0.809013307 -2.249111176 -0.001221594 0.999986410 -0.005071067 -0.913549423 -0.809026718 0.001992338 0.587768257 86.121795654
0.541434646 0.006931050 0.840714335 -1.909900665 -0.003731226 0.999975979 -0.005841070 -0.926604629 -0.840734482 0.000025664 0.541447461 86.287719727
0.493615508 0.009839780 0.869624496 -1.578285217 -0.007004444 0.999948561 -0.007338538 -0.932637990 -0.869651914 -0.002468820 0.493658990 86.451004028
0.448238969 0.011916175 0.893834352 -1.237186432 -0.007739144 0.999925315 -0.009449515 -0.941060901 -0.893880248 -0.002681871 0.448297620 86.584022522
0.404396266 0.009440746 0.914535165 -0.893760681 -0.001289520 0.999951601 -0.009752288 -0.951839089 -0.914582968 0.002764479 0.404388845 86.709007263
0.365047008 0.001701727 0.930987477 -0.525121689 0.013797009 0.999878526 -0.007237559 -0.956306696 -0.930886865 0.015486893 0.364979178 86.792648315
0.329641283 -0.001852575 0.944104433 -0.154542923 0.018057942 0.999827445 -0.004343153 -0.958530903 -0.943933606 0.018480266 0.329617858 86.884338379
0.296495557 0.002362222 0.955031335 0.212356567 0.015185947 0.999858797 -0.007187674 -0.965967774 -0.954913437 0.016634166 0.296417773 86.980133057
0.265435100 0.009459456 0.964082360 0.575845718 0.004696676 0.999927282 -0.011104271 -0.982165098 -0.964117229 0.007475446 0.265371323 87.079368591
0.236577079 0.014459463 0.971505284 0.966665268 -0.000895515 0.999891996 -0.014663889 -0.994926691 -0.971612453 0.002599142 0.236564517 87.173660278
0.210783288 0.016021725 0.977401495 1.356889725 0.000540684 0.999863565 -0.016506528 -1.009320498 -0.977532685 0.004007766 0.210745886 87.237609863
0.187020019 0.017620791 0.982198060 1.766211510 0.007668061 0.999782443 -0.019396327 -1.017353296 -0.982326210 0.011159056 0.186844245 87.294769287
0.167347267 0.023598952 0.985615671 2.178435326 0.014552699 0.999545395 -0.026403377 -1.021221638 -0.985790610 0.018761901 0.166927785 87.330932617
0.147506654 0.030771762 0.988582194 2.603925705 0.016857952 0.999292433 -0.033620529 -1.015410662 -0.988917291 0.021624723 0.146883577 87.384963989
0.129859939 0.031284332 0.991038620 3.042841911 0.014564384 0.999334157 -0.033454631 -1.030025363 -0.991425335 0.018778283 0.129317820 87.438415527
0.114549369 0.026883338 0.993053794 3.503946304 0.012406006 0.999517083 -0.028489355 -1.054582477 -0.993340135 0.015583268 0.114160538 87.485054016
0.099620156 0.023633230 0.994744897 3.974624634 0.011920812 0.999617815 -0.024942826 -1.076341867 -0.994954109 0.014342975 0.099300385 87.532035828
0.086669117 0.021220632 0.996011078 4.460104465 0.014932601 0.999633014 -0.022597175 -1.088913202 -0.996125162 0.016831512 0.086320460 87.562271118
0.075028211 0.020513041 0.996970415 4.956142902 0.018574471 0.999586225 -0.021964703 -1.102616668 -0.997008383 0.020166168 0.074616142 87.586753845
0.064706415 0.021101063 0.997681141 5.468348026 0.021862969 0.999506474 -0.022557629 -1.116994500 -0.997664750 0.023271896 0.064213157 87.613937378
0.056934461 0.021673556 0.998142540 6.007120132 0.023848375 0.999449432 -0.023062250 -1.128824711 -0.998093009 0.025117114 0.056386240 87.637603760
0.051454194 0.022081336 0.998431206 6.541515827 0.025764169 0.999393404 -0.023430372 -1.144660592 -0.998342931 0.026929341 0.050854068 87.657127380
0.046066318 0.023101393 0.998671174 7.100687981 0.027116161 0.999335289 -0.024367560 -1.159584403 -0.998570263 0.028202653 0.045409262 87.675239563
0.040065721 0.023869477 0.998911858 7.686244488 0.027406808 0.999312222 -0.024978312 -1.177456498 -0.998821080 0.028377760 0.039383970 87.696037292
0.035461873 0.023891173 0.999085426 8.283824921 0.029882085 0.999242008 -0.024955554 -1.191361666 -0.998924077 0.030739725 0.034721069 87.714195251
0.032697115 0.023891501 0.999179780 8.906323433 0.031142509 0.999204457 -0.024911197 -1.207635999 -0.998979926 0.031931486 0.031927057 87.727912903
0.029722735 0.023270784 0.999287307 9.546002388 0.032389998 0.999181509 -0.024231728 -1.229816556 -0.999033213 0.033087142 0.028944673 87.742744446
0.027214495 0.022600960 0.999374092 10.203048706 0.034422219 0.999130309 -0.023532812 -1.249853253 -0.999036670 0.035041101 0.026412848 87.759628296
0.026689995 0.022256479 0.999395967 10.877811432 0.038737781 0.998978138 -0.023281710 -1.267737746 -0.998893023 0.039335772 0.025800558 87.768165588
0.027864628 0.021846559 0.999373019 11.567070961 0.042413384 0.998835087 -0.023017369 -1.285791278 -0.998711526 0.043028157 0.026905581 87.781738281
0.030196577 0.021680558 0.999308765 12.274338722 0.044325978 0.998752236 -0.023007892 -1.307545900 -0.998560667 0.044990096 0.029197887 87.804214478
0.034069184 0.021869274 0.999180198 12.999935150 0.046557412 0.998640418 -0.023444934 -1.325566530 -0.998334467 0.047317993 0.033004683 87.826545715
0.038590912 0.021183703 0.999030590 13.738726616 0.047036342 0.998628438 -0.022992121 -1.347854018 -0.998147488 0.047878020 0.037541583 87.853820801
0.042563207 0.019567495 0.998902261 14.497760773 0.048868842 0.998570681 -0.021643303 -1.367643952 -0.997897983 0.049736395 0.041546129 87.886558533
0.046388142 0.018145381 0.998758614 15.263701439 0.048075069 0.998635828 -0.020376034 -1.388239980 -0.997766018 0.048960593 0.045452520 87.929550171
0.050520755 0.015893709 0.998596489 16.051719666 0.045287199 0.998808384 -0.018188246 -1.408790350 -0.997695684 0.046142522 0.049740762 87.975540161
0.054232076 0.014925965 0.998416662 16.846065521 0.044556137 0.998856187 -0.017352737 -1.427366495 -0.997533739 0.045426678 0.053504992 88.032073975
0.058392517 0.015796617 0.998168707 17.651338577 0.041856926 0.998956800 -0.018257702 -1.448239684 -0.997415841 0.042846385 0.057670392 88.086463928
0.061629437 0.019909589 0.997900486 18.451269150 0.039491121 0.998969436 -0.022369854 -1.472238302 -0.997317553 0.040786859 0.060779672 88.130958557
0.063020572 0.025302552 0.997691453 19.252056122 0.033779133 0.999051630 -0.027470756 -1.494319439 -0.997440457 0.035432372 0.062106103 88.192550659
0.062761672 0.028427199 0.997623622 20.061016083 0.030784914 0.999063432 -0.030404942 -1.522352099 -0.997553647 0.032620020 0.061827768 88.250602722
0.062972412 0.027914744 0.997624815 20.873632431 0.028342791 0.999155462 -0.029746639 -1.555228829 -0.997612715 0.030148687 0.062128056 88.308189392
0.062893838 0.026011409 0.997681201 21.684772491 0.025516726 0.999291539 -0.027661968 -1.589406967 -0.997694016 0.027197324 0.062185563 88.368354797
0.062987737 0.024948655 0.997702479 22.506578445 0.026529295 0.999292314 -0.026663281 -1.619717360 -0.997661650 0.028147802 0.062281311 88.418060303
0.063018002 0.023829702 0.997727931 23.322658539 0.023758290 0.999395728 -0.025370151 -1.659515142 -0.997729480 0.025303083 0.062413778 88.483535767
0.063271545 0.024261966 0.997701287 24.143486023 0.022039892 0.999426782 -0.025701631 -1.692811728 -0.997752905 0.023615416 0.062700540 88.537696838
0.062909245 0.024716908 0.997713029 24.955608368 0.019044628 0.999481440 -0.025961546 -1.727091074 -0.997837543 0.020634297 0.062405892 88.601943970
0.061842982 0.026063660 0.997745514 25.773113251 0.015926309 0.999505877 -0.027096802 -1.760125637 -0.997958779 0.017566152 0.061397336 88.663497925
0.058764320 0.026131501 0.997929692 26.579069138 0.013230247 0.999549150 -0.026952984 -1.787135124 -0.998184323 0.014786734 0.058392100 88.716247559
0.055259500 0.024910262 0.998161256 27.392059326 0.010892503 0.999614179 -0.025549544 -1.815206289 -0.998412609 0.012284329 0.054966848 88.761863708
0.050525047 0.022396462 0.998471618 28.204940796 0.009050935 0.999697149 -0.022881946 -1.846164703 -0.998681664 0.010193214 0.050307039 88.807388306
0.044290487 0.020341631 0.998811662 29.010871887 0.006596783 0.999764860 -0.020653564 -1.876222134 -0.998996913 0.007503700 0.044145893 88.847244263
0.036845490 0.020437380 0.999112010 29.819843292 0.006590923 0.999764085 -0.020693781 -1.906191111 -0.999299347 0.007347542 0.036702096 88.876670837
0.028037304 0.021224724 0.999381602 30.619672775 0.006423913 0.999750078 -0.021412775 -1.933483720 -0.999586225 0.007020295 0.027893953 88.900726318
0.018186217 0.021807518 0.999596775 31.423744202 0.006910789 0.999735475 -0.021936277 -1.958902359 -0.999810755 0.007306939 0.018030697 88.915275574
0.008150281 0.020678289 0.999752998 32.217792511 0.008320712 0.999750197 -0.020746062 -1.989174366 -0.999932170 0.008487741 0.007976186 88.917205811
-0.002914981 0.019713720 0.999801457 33.011470795 0.007062008 0.999781132 -0.019692728 -2.017886162 -0.999970853 0.007003200 -0.003053563 88.919403076
-0.013952255 0.018885665 0.999724329 33.796325684 0.008400048 0.999788582 -0.018769646 -2.044842720 -0.999867380 0.008135852 -0.014107943 88.905525208
-0.024920942 0.019382996 0.999501526 34.572677612 0.008692320 0.999778450 -0.019171635 -2.069377184 -0.999651611 0.008210211 -0.025083907 88.885383606
-0.036176570 0.019981941 0.999145627 35.350303650 0.008690436 0.999768615 -0.019679742 -2.095030785 -0.999307573 0.007971067 -0.036341846 88.857933044
-0.046370260 0.020958483 0.998704493 36.123714447 0.008456986 0.999752223 -0.020587808 -2.124877453 -0.998888433 0.007491368 -0.046536028 88.810562134
-0.056792460 0.022036083 0.998142838 36.888450623 0.008987447 0.999727130 -0.021559691 -2.148484230 -0.998345435 0.007746327 -0.056975015 88.767524719
-0.066294104 0.022596514 0.997544229 37.642196655 0.010216324 0.999706507 -0.021966543 -2.180855513 -0.997747779 0.008734981 -0.066505492 88.710014343
-0.076042458 0.023239529 0.996833861 38.401042938 0.010826949 0.999688685 -0.022480160 -2.203534126 -0.997045875 0.009083219 -0.076270416 88.657218933
-0.085308611 0.023647113 0.996073961 39.139198303 0.011539272 0.999674737 -0.022744311 -2.231906891 -0.996287704 0.009553681 -0.085553728 88.592315674
-0.093986750 0.023025762 0.995307148 39.872383118 0.012841485 0.999677420 -0.021914247 -2.257134676 -0.995490551 0.010721573 -0.094252110 88.520195007
-0.100988962 0.021687983 0.994651020 40.597835541 0.014252453 0.999691308 -0.020350803 -2.287246704 -0.994785368 0.012121013 -0.101266876 88.434112549
-0.106423028 0.020253364 0.994114637 41.321544647 0.017046079 0.999682784 -0.018541971 -2.311335564 -0.994174778 0.014972466 -0.106734499 88.358528137
-0.110075325 0.018670045 0.993747771 42.028671265 0.020509019 0.999653339 -0.016509254 -2.334669113 -0.993711650 0.018563539 -0.110420048 88.272308350
-0.112787768 0.017573884 0.993463695 42.726722717 0.021606948 0.999650538 -0.015230291 -2.354604721 -0.993384123 0.019747928 -0.113128051 88.192970276
-0.114569642 0.016597154 0.993276596 43.410263062 0.021626320 0.999665141 -0.014209407 -2.377573252 -0.993179798 0.019852953 -0.114890210 88.114753723
-0.115106933 0.017253308 0.993203282 44.075843811 0.022791883 0.999631763 -0.014723523 -2.396112204 -0.993091583 0.020942189 -0.115457781 88.032135010
-0.113999970 0.018350376 0.993311346 44.727241516 0.023466596 0.999600172 -0.015773350 -2.415268660 -0.993203461 0.021511473 -0.114385009 87.958091736
-0.110917442 0.019881174 0.993630707 45.348220825 0.024263574 0.999556065 -0.017291225 -2.438527822 -0.993533373 0.022191130 -0.111350581 87.888015747
-0.105906434 0.020447010 0.994165778 45.971649170 0.024777872 0.999532342 -0.017917853 -2.457976818 -0.994067252 0.022735698 -0.106363550 87.822517395
-0.097759940 0.021241773 0.994983256 46.566799164 0.024365781 0.999523461 -0.018944697 -2.477874756 -0.994911671 0.022391511 -0.098230928 87.768592834
-0.086660393 0.021136636 0.996013522 47.150268555 0.023038616 0.999550045 -0.019207157 -2.500560284 -0.995971441 0.021282278 -0.087108351 87.728790283
-0.073187388 0.021246223 0.997091889 47.698875427 0.022291310 0.999558091 -0.019662574 -2.525648832 -0.997069001 0.020787431 -0.073628664 87.699920654
-0.056048099 0.022343457 0.998178065 48.246383667 0.020998623 0.999554753 -0.021195199 -2.553252459 -0.998207152 0.019772416 -0.056492340 87.684524536
-0.034608908 0.025045242 0.999087036 48.774627686 0.019563453 0.999511302 -0.024378188 -2.571959019 -0.999209404 0.018701892 -0.035081968 87.675720215
-0.009854289 0.028088717 0.999556839 49.299701691 0.017525524 0.999456704 -0.027913127 -2.594751358 -0.999797821 0.017242692 -0.010341197 87.689178467
0.018211670 0.029799558 0.999389946 49.814640045 0.015619944 0.999425292 -0.030085253 -2.615506887 -0.999712169 0.016158318 0.017735742 87.724159241
0.051285490 0.029364862 0.998252213 50.328125000 0.012925396 0.999464393 -0.030064566 -2.638339520 -0.998600364 0.014444681 0.050878473 87.772148132
0.090739295 0.026280617 0.995527804 50.801445007 0.011457343 0.999558032 -0.027431309 -2.668899059 -0.995808780 0.013895197 0.090398096 87.807899475
0.132271215 0.022777002 0.990951836 51.318542480 0.009767679 0.999657512 -0.024280882 -2.685476065 -0.991165400 0.012890963 0.132003471 87.911865234
0.178067580 0.018660186 0.983841300 51.810146332 0.007231657 0.999768376 -0.020271141 -2.702378273 -0.983991683 0.010724437 0.177891403 88.021202087
0.226623952 0.015462484 0.973859668 52.295166016 0.002965916 0.999858499 -0.016565468 -2.718214989 -0.973977745 0.006642519 0.226546004 88.161346436
0.277991593 0.013734656 0.960485280 52.764541626 -0.001093616 0.999901772 -0.013981771 -2.736843586 -0.960582852 0.002836415 0.277979285 88.335067749
0.332992494 0.013267784 0.942836165 53.206371307 -0.002500603 0.999909997 -0.013187772 -2.756942034 -0.942926109 0.002033771 0.332995623 88.522811890
0.388665468 0.015075102 0.921255648 53.621940613 -0.000214978 0.999867499 -0.016270785 -2.759873867 -0.921378851 0.006125842 0.388617188 88.755722046
0.449433804 0.017580882 0.893140733 54.041728973 0.000999428 0.999795735 -0.020183232 -2.782392502 -0.893313050 0.009963657 0.449324369 88.991119385
0.509714901 0.020689161 0.860094666 54.440628052 0.002180463 0.999676466 -0.025338933 -2.800930023 -0.860340595 0.014791036 0.509504795 89.255828857
0.568805337 0.025877800 0.822064996 54.797229767 -0.001355740 0.999532938 -0.030526247 -2.797164202 -0.822471142 0.016248984 0.568574786 89.537521362
0.624129891 0.029057797 0.780780137 55.151493073 -0.004996829 0.999436080 -0.033201076 -2.805309057 -0.781304598 0.016820358 0.623923182 89.874992371
0.674206197 0.029408783 0.737957358 55.427787781 -0.007517625 0.999428391 -0.032960638 -2.838381767 -0.738504946 0.016674584 0.674041986 90.227134705
0.724801958 0.026923532 0.688431025 55.748123169 -0.007454079 0.999484062 -0.031240478 -2.860180616 -0.688916922 0.017511541 0.724628747 90.580253601
0.769713700 0.023197901 0.637967646 56.003379822 -0.009083423 0.999636412 -0.025389738 -2.876875162 -0.638324678 0.013747903 0.769644558 90.963645935
0.810118854 0.019992201 0.585924745 56.233135223 -0.010344198 0.999750316 -0.019810013 -2.872114658 -0.586174488 0.009987545 0.810123324 91.375061035
0.847066164 0.017082082 0.531212866 56.449726105 -0.012150221 0.999844551 -0.012777156 -2.886405945 -0.531348467 0.004368746 0.847142041 91.788642883
0.878433943 0.013983592 0.477659136 56.636905670 -0.012848911 0.999901533 -0.005642720 -2.891519308 -0.477690965 -0.001180642 0.878527045 92.220855713
0.904065549 0.015169153 0.427124709 56.801406860 -0.016742267 0.999859869 -0.000072393 -2.901306391 -0.427065790 -0.007085584 0.904192746 92.663177490
0.924107075 0.016344704 0.381783903 56.922080994 -0.019457694 0.999801517 0.004294410 -2.920492649 -0.381637722 -0.011397127 0.924241722 93.070747375
0.939335704 0.022059482 0.342289090 57.039024353 -0.026083952 0.999634147 0.007158208 -2.927162647 -0.342005730 -0.015652208 0.939567387 93.521568298
0.951145768 0.027495880 0.307515711 57.144168854 -0.030992961 0.999498665 0.006493071 -2.935782433 -0.307182878 -0.015706673 0.951520801 93.967544556
0.960650802 0.028349387 0.276308477 57.268020630 -0.031345237 0.999487877 0.006431074 -2.925748110 -0.275984645 -0.014838971 0.961047411 94.436088562
0.966831088 0.023434047 0.254339427 57.382587433 -0.025884196 0.999645174 0.006290464 -2.926252365 -0.254101694 -0.012665186 0.967094481 94.908035278
0.970840812 0.020483440 0.238848388 57.490489960 -0.022903131 0.999710619 0.007359420 -2.936166763 -0.238628507 -0.012615202 0.971028924 95.388107300
0.973683774 0.025175754 0.226508811 57.581863403 -0.027433274 0.999600410 0.006823752 -2.932494402 -0.226246446 -0.012858054 0.973985136 95.891761780
0.975741684 0.030405600 0.216803282 57.676925659 -0.032842837 0.999431372 0.007646650 -2.934271574 -0.216447502 -0.014581591 0.976185262 96.389663696
0.976777434 0.038563110 0.210757867 57.768547058 -0.040808149 0.999147058 0.006311744 -2.933162689 -0.210334688 -0.014765803 0.977517843 96.905853271
0.977169931 0.044374567 0.207773507 57.867263794 -0.045964759 0.998939037 0.002829471 -2.936567307 -0.207427502 -0.012315135 0.978172839 97.411987305
0.977265358 0.045739073 0.207027733 57.971149445 -0.046848353 0.998902023 0.000456101 -2.944306612 -0.206779540 -0.010144639 0.978334904 97.935722351
0.976956904 0.043619297 0.208932325 58.106769562 -0.043941591 0.999029279 -0.003101052 -2.951087475 -0.208864808 -0.006151225 0.977925122 98.452522278
0.976223171 0.042477183 0.212565556 58.232353210 -0.041388497 0.999097347 -0.009570811 -2.955677032 -0.212780237 0.000545477 0.977099836 98.997901917
0.975294292 0.042751521 0.216733754 58.355632782 -0.040564664 0.999071240 -0.014530866 -2.956718445 -0.217153698 0.005380135 0.976122499 99.553932190
0.974051893 0.047553472 0.221273050 58.475746155 -0.045636032 0.998863101 -0.013772804 -2.970695019 -0.221676409 0.003317400 0.975114644 100.137870789
0.972553670 0.050642543 0.227101162 58.606349945 -0.049600769 0.998716056 -0.010295453 -2.972401619 -0.227330983 -0.001251514 0.973816752 100.733139038
0.971672118 0.047421150 0.231526494 58.757740021 -0.047480222 0.998858035 -0.005320271 -2.988104820 -0.231514379 -0.005823373 0.972814023 101.325881958
0.970959067 0.043277439 0.235298961 58.911163330 -0.044556569 0.999006748 0.000119587 -2.995001078 -0.235060066 -0.010600230 0.971922994 101.940368652
0.970138133 0.040692180 0.239115462 59.067268372 -0.043129656 0.999057055 0.004967933 -3.002476454 -0.238687843 -0.015132550 0.970978439 102.568183899
0.969672143 0.035375699 0.241835743 59.231632233 -0.037886240 0.999265611 0.005737412 -3.009873629 -0.241455138 -0.014725657 0.970300317 103.196586609
0.969599187 0.032511469 0.242529199 59.386825562 -0.034125827 0.999414444 0.002457203 -3.011040926 -0.242307290 -0.010659015 0.970140994 103.843635559
0.969793558 0.032060895 0.241810814 59.560966492 -0.031851262 0.999481261 -0.004776865 -3.014907360 -0.241838485 -0.003069410 0.970311642 104.486579895
0.969957888 0.034307905 0.240841821 59.720012665 -0.032502163 0.999405980 -0.011467284 -3.020746469 -0.241092131 0.003294901 0.970496595 105.144836426
0.970444322 0.037518825 0.238390997 59.876014709 -0.034831390 0.999273419 -0.015477246 -3.022910357 -0.238798440 0.006716311 0.971045971 105.827621460
0.971091032 0.035691686 0.236026049 60.041893005 -0.034049463 0.999359310 -0.011031359 -3.031080723 -0.236268550 0.002675892 0.971684098 106.517684937
0.971600950 0.031168709 0.234563589 60.216632843 -0.031341925 0.999504209 -0.002990269 -3.048196793 -0.234540522 -0.004446327 0.972096205 107.211463928
0.972202539 0.031617805 0.231996864 60.385742188 -0.033166382 0.999445915 0.002776575 -3.057251930 -0.231780574 -0.010393893 0.972712576 107.934249878
0.972429574 0.034960654 0.230561092 60.539764404 -0.036519065 0.999329686 0.002493904 -3.071778297 -0.230319440 -0.010845023 0.973054647 108.655647278
0.972765923 0.040820722 0.228166774 60.703910828 -0.041324798 0.999142408 -0.002569864 -3.069416046 -0.228075981 -0.006929070 0.973618686 109.382141113
0.973678589 0.041457247 0.224123701 60.869796753 -0.040727951 0.999139190 -0.007877948 -3.075252295 -0.224257380 -0.001457509 0.974528849 110.118194580
0.974557042 0.040422104 0.220465153 61.034881592 -0.038998794 0.999180853 -0.010806478 -3.085405827 -0.220721409 0.001933655 0.975334883 110.876159668
0.975493550 0.038276978 0.216673240 61.203632355 -0.037163001 0.999266803 -0.009214976 -3.095726490 -0.216867089 0.000936918 0.976200700 111.648643494
0.976373553 0.034683660 0.213288605 61.369323730 -0.033903692 0.999398351 -0.007314639 -3.106823683 -0.213413954 -0.000089451 0.976961911 112.421867371
0.976777613 0.033266574 0.211657628 61.537418365 -0.033091657 0.999442756 -0.004369602 -3.120432854 -0.211685061 -0.002735971 0.977334023 113.210456848
0.977132976 0.029815383 0.210528016 61.707973480 -0.030061027 0.999546051 -0.002034040 -3.126841068 -0.210493088 -0.004341160 0.977585614 114.010566711
0.977359772 0.024694843 0.210138589 61.881767273 -0.025089297 0.999684870 -0.000789015 -3.135483742 -0.210091889 -0.004501075 0.977671206 114.805809021
0.977515101 0.025565488 0.209309965 62.057991028 -0.026326569 0.999653041 0.000850428 -3.146171808 -0.209215596 -0.006341720 0.977848947 115.617210388
0.977261722 0.031038987 0.209752157 62.222015381 -0.031495217 0.999503255 -0.001165627 -3.152526855 -0.209684148 -0.005467067 0.977753937 116.434547424
0.976955354 0.036837157 0.210241169 62.383586884 -0.036701981 0.999315917 -0.004546027 -3.158684731 -0.210264802 -0.003275001 0.977638960 117.243431091
0.976428628 0.045268737 0.211040169 62.549522400 -0.045000046 0.998968542 -0.006078027 -3.167088270 -0.211097628 -0.003562059 0.977458477 118.071342468
0.975504577 0.051125884 0.213955179 62.717231750 -0.051115450 0.998677135 -0.005584800 -3.180521488 -0.213957652 -0.005488415 0.976827443 118.890800476
0.974649847 0.053950544 0.217133567 62.888244629 -0.054416094 0.998510957 -0.003838998 -3.190513134 -0.217017338 -0.008073880 0.976134300 119.726272583
0.974065423 0.054736950 0.219546139 63.069534302 -0.055091493 0.998471081 -0.004511821 -3.206904173 -0.219457433 -0.007700315 0.975591600 120.547904968
0.973769724 0.052757178 0.221334904 63.254291534 -0.052392807 0.998598218 -0.007521149 -3.214797020 -0.221421421 -0.004272490 0.975168824 121.388938904
0.973797441 0.046708174 0.222568542 63.459739685 -0.046547841 0.998898208 -0.005969091 -3.231190205 -0.222602114 -0.004547401 0.974898875 122.223693848
0.973974943 0.040214419 0.223059669 63.652870178 -0.039563049 0.999189734 -0.007390009 -3.248023510 -0.223176107 -0.001627235 0.974776745 123.054199219
0.973747969 0.039719891 0.224136680 63.842247009 -0.039082967 0.999209464 -0.007279153 -3.268589497 -0.224248603 -0.001671866 0.974530518 123.878036499
0.973193586 0.042246304 0.226074278 64.031326294 -0.042316921 0.999093890 -0.004535988 -3.279799461 -0.226061091 -0.005152372 0.974099457 124.719543457
0.972802639 0.044060986 0.227406189 64.215965271 -0.045526311 0.998962402 0.001199807 -3.292442322 -0.227117375 -0.011520139 0.973799288 125.547027588
0.972428381 0.047664549 0.228278488 64.398162842 -0.050206888 0.998724520 0.005339317 -3.305382967 -0.227732807 -0.016653253 0.973581254 126.374748230
0.972196460 0.046837453 0.229434550 64.585639954 -0.047933925 0.998850167 -0.000795022 -3.323871136 -0.229207948 -0.010224781 0.973323882 127.195594788
0.972507000 0.042395920 0.228981823 64.784965515 -0.039914701 0.999083459 -0.015458606 -3.335167408 -0.229427293 0.005893863 0.973308027 128.005569458
