1.000000000 -0.000000000 -0.000000000 -0.000000000 -0.000000000 0.999999940 -0.000000000 -0.000000000 -0.000000000 -0.000000000 1.000000000 0.000000000
0.999991357 -0.002469386 -0.003351852 -0.002941933 0.002462061 0.999994516 -0.002187405 -0.005390750 0.003357236 0.002179133 0.999992013 0.666481614
0.999970973 -0.001567768 -0.007450945 -0.011406157 0.001541990 0.999992669 -0.003464162 -0.011455150 0.007456323 0.003452572 0.999966264 1.362102270
0.999943316 -0.001087405 -0.010590930 -0.036612201 0.001034291 0.999986827 -0.005019162 -0.011955511 0.010596249 0.005007924 0.999931335 2.055434942
0.999880791 0.000254008 -0.015440861 -0.056949645 -0.000343103 0.999983311 -0.005767738 -0.014441580 0.015439138 0.005772348 0.999864161 2.782363176
0.999807298 -0.000556020 -0.019624719 -0.072113492 0.000446579 0.999984264 -0.005580660 -0.030614881 0.019627519 0.005570820 0.999791861 3.513841629
0.999708116 0.001190621 -0.024131801 -0.096134663 -0.001358557 0.999974966 -0.006943962 -0.033989508 0.024122927 0.006974719 0.999684691 4.267235756
0.999578893 0.003909000 -0.028756481 -0.129054040 -0.004126246 0.999963403 -0.007499212 -0.044925582 0.028726114 0.007614710 0.999558330 5.028733253
0.999412298 0.003995560 -0.034043811 -0.144113079 -0.004202239 0.999973118 -0.006001594 -0.049138878 0.034018919 0.006141127 0.999402344 5.836116791
0.999248266 0.003395864 -0.038618430 -0.178069890 -0.003530536 0.999987841 -0.003419606 -0.055137336 0.038606349 0.003553380 0.999248147 6.637561321
0.999129534 0.003011091 -0.041606601 -0.221500844 -0.003042038 0.999995053 -0.000680533 -0.062147073 0.041604351 0.000806510 0.999133825 7.440325260
0.999015331 0.004365054 -0.044148855 -0.259272337 -0.004434844 0.999989092 -0.001482960 -0.071887985 0.044141896 0.001677294 0.999023855 8.257843018
0.998925984 0.003931694 -0.046166800 -0.305698246 -0.004011723 0.999990582 -0.001640922 -0.077454604 0.046159919 0.001824369 0.998932302 9.077835083
0.998847604 0.001300909 -0.047975015 -0.346679032 -0.001416503 0.999996185 -0.002375522 -0.083143212 0.047971748 0.002440742 0.998845696 9.907720566
0.998755813 0.001045864 -0.049857307 -0.390753329 -0.001120795 0.999998212 -0.001474969 -0.091460682 0.049855679 0.001529013 0.998755276 10.761002541
0.998678744 -0.000472838 -0.051385146 -0.436845005 0.000380920 0.999998271 -0.001798590 -0.099065751 0.051385906 0.001776640 0.998677313 11.612959862
0.998580158 0.001718450 -0.053241760 -0.488883436 -0.001935598 0.999989986 -0.004027234 -0.109161675 0.053234305 0.004124571 0.998573542 12.471063614
0.998522162 0.001920731 -0.054311220 -0.541291118 -0.002273362 0.999976695 -0.006431752 -0.121612564 0.054297611 0.006545716 0.998503387 13.346315384
0.998417079 0.005622127 -0.055959582 -0.599702954 -0.006073006 0.999950409 -0.007890451 -0.135457858 0.055912450 0.008217804 0.998401880 14.220614433
0.998352051 0.006835189 -0.056976944 -0.654384136 -0.007270040 0.999945939 -0.007428269 -0.147630274 0.056923091 0.007830253 0.998347819 15.113168716
0.998268604 0.005627071 -0.058550160 -0.709261179 -0.005994442 0.999963403 -0.006100714 -0.159082368 0.058513686 0.006441128 0.998265803 16.002977371
0.998197258 0.006261790 -0.059690163 -0.772046506 -0.006558041 0.999967098 -0.004768541 -0.169615090 0.059658337 0.005151396 0.998205602 16.899497986
0.998161554 0.005903746 -0.060321510 -0.834737778 -0.006187022 0.999970675 -0.004510395 -0.186403513 0.060293119 0.004875313 0.998168826 17.803087234
0.998026729 0.005660465 -0.062533356 -0.883495092 -0.005999727 0.999968290 -0.005238850 -0.200080469 0.062501714 0.005603696 0.998029113 18.709495544
0.997975707 0.004186970 -0.063456655 -0.948183894 -0.004562010 0.999972939 -0.005766429 -0.213275358 0.063430801 0.006044247 0.997967958 19.623935699
0.997931778 0.003851748 -0.064165890 -1.003262281 -0.004137449 0.999982119 -0.004320261 -0.222413480 0.064148113 0.004576810 0.997929871 20.539854050
0.997926652 0.005476273 -0.064128049 -1.068077445 -0.005553824 0.999984086 -0.001031108 -0.232932836 0.064121380 0.001385126 0.997941136 21.465023041
0.997990608 0.006601932 -0.063017517 -1.132929087 -0.006444502 0.999975622 0.002701151 -0.242164835 0.063033827 -0.002289606 0.998008668 22.394475937
0.998107851 0.005775572 -0.061214805 -1.199777722 -0.005453309 0.999970496 0.005430222 -0.246470258 0.061244346 -0.005086124 0.998109877 23.329448700
0.998174012 0.005404082 -0.060158923 -1.245969296 -0.005021111 0.999966145 0.006515314 -0.255792201 0.060192086 -0.006201355 0.998167694 24.272899628
0.998249471 0.005771332 -0.058860444 -1.301167846 -0.005567778 0.999977887 0.003621670 -0.261954546 0.058880050 -0.003287611 0.998259723 25.217678070
0.998311222 0.006297492 -0.057748415 -1.364317417 -0.006369971 0.999979138 -0.001071080 -0.266938567 0.057740469 0.001437125 0.998330653 26.156246185
0.998384237 0.005954426 -0.056509640 -1.419007897 -0.006177732 0.999973774 -0.003777775 -0.281579971 0.056485657 0.004120772 0.998394907 27.104518890
0.998424351 0.003203031 -0.056021869 -1.469166160 -0.003369752 0.999990225 -0.002881765 -0.289960682 0.056012094 0.003066004 0.998425364 28.063503265
0.998444855 0.001712717 -0.055722464 -1.532557845 -0.001597494 0.999996483 0.002112300 -0.301081628 0.055725895 -0.002019999 0.998444021 29.035882950
0.998394966 -0.001875228 -0.056603771 -1.584175587 0.002191276 0.999982357 0.005521963 -0.311572015 0.056592423 -0.005637134 0.998381436 30.003347397
0.998278022 -0.009400859 -0.057901870 -1.630599260 0.009712017 0.999939859 0.005094805 -0.319568127 0.057850495 -0.005648375 0.998309255 30.980024338
0.998175561 -0.011839690 -0.059206612 -1.686675191 0.011925163 0.999928236 0.001090492 -0.323413193 0.059189457 -0.001794552 0.998245180 31.950551987
0.998099566 -0.011495004 -0.060540225 -1.749191403 0.011330917 0.999931097 -0.003053006 -0.328971654 0.060571156 0.002361228 0.998161077 32.927982330
0.997979701 -0.010229232 -0.062705941 -1.818898320 0.010013210 0.999942780 -0.003758293 -0.336194456 0.062740795 0.003122812 0.998025060 33.920047760
0.997932136 -0.010179006 -0.063464522 -1.874080181 0.010065791 0.999947071 -0.002103415 -0.355922490 0.063482597 0.001460245 0.997981906 34.898933411
0.997877955 -0.007114869 -0.064721495 -1.943787336 0.007173038 0.999974072 0.000666412 -0.368278027 0.064715095 -0.001129247 0.997903168 35.897224426
0.997804642 -0.006757249 -0.065879956 -2.014299870 0.006905414 0.999974072 0.002021537 -0.382242441 0.065864578 -0.002472026 0.997825623 36.878417969
0.997760892 -0.005498318 -0.066654384 -2.085910797 0.005826747 0.999971807 0.004733936 -0.392697215 0.066626482 -0.005111715 0.997764945 37.851955414
0.997761965 -0.005602892 -0.066632032 -2.150235891 0.006126992 0.999951839 0.007663843 -0.397589535 0.066585906 -0.008054943 0.997748137 38.857891083
0.997738302 0.000085820 -0.067218214 -2.227184296 0.000577449 0.999951243 0.009847911 -0.397553533 0.067215793 -0.009864451 0.997689724 39.846069336
0.997733831 0.000045460 -0.067283608 -2.306668758 0.000574525 0.999957442 0.009195128 -0.403255016 0.067281172 -0.009212947 0.997691512 40.841190338
0.997723043 0.000707075 -0.067439921 -2.360117197 -0.000193878 0.999970913 0.007615938 -0.411880761 0.067443348 -0.007585520 0.997694194 41.829746246
0.997729063 0.003001684 -0.067288995 -2.442446232 -0.002656139 0.999982774 0.005224118 -0.414783776 0.067303531 -0.005033525 0.997719765 42.827644348
0.997687280 0.002553036 -0.067921937 -2.518300056 -0.002194741 0.999983191 0.005349203 -0.420572639 0.067934468 -0.005187761 0.997676253 43.803195953
0.997581542 0.000482924 -0.069503762 -2.576936245 -0.000026676 0.999978364 0.006565138 -0.430542320 0.069505431 -0.006547409 0.997560084 44.791862488
0.997518778 0.000997469 -0.070393495 -2.647375107 -0.000466213 0.999971271 0.007562974 -0.436114401 0.070399009 -0.007511394 0.997490644 45.780601501
0.997533619 0.003582839 -0.070098065 -2.734105110 -0.003291289 0.999985456 0.004274225 -0.451804847 0.070112363 -0.004032973 0.997530937 46.746654510
0.997429371 0.003915456 -0.071547449 -2.800214291 -0.003932529 0.999992251 -0.000097768 -0.457461149 0.071546510 0.000378878 0.997437239 47.705211639
0.997378230 0.004602419 -0.072216228 -2.865964174 -0.004707101 0.999988079 -0.001279449 -0.464982033 0.072209500 0.001616024 0.997388184 48.681369781
0.997374594 0.003704806 -0.072319746 -2.939007759 -0.003537907 0.999990761 0.002435741 -0.478798181 0.072328135 -0.002173485 0.997378528 49.662155151
0.997389734 0.001386272 -0.072191723 -3.014043808 -0.000985407 0.999983788 0.005588099 -0.489848495 0.072198324 -0.005502375 0.997375131 50.628337860
0.997349679 -0.000675221 -0.072754011 -3.073269844 0.001129970 0.999979973 0.006209518 -0.496997327 0.072748363 -0.006275272 0.997330606 51.579708099
0.997313499 -0.003819757 -0.073151164 -3.142134666 0.004186030 0.999979377 0.004854416 -0.504324555 0.073131107 -0.005147590 0.997309089 52.538009644
0.997263968 -0.006978730 -0.073593065 -3.207606792 0.007281876 0.999966025 0.003851706 -0.515311062 0.073563695 -0.004377063 0.997280896 53.491744995
0.997173667 -0.008324753 -0.074668296 -3.279293537 0.008710710 0.999950171 0.004844786 -0.522734165 0.074624270 -0.005481507 0.997196615 54.446723938
0.997062266 -0.011560289 -0.075718150 -3.349036694 0.012286556 0.999882758 0.009132902 -0.531282365 0.075603686 -0.010036387 0.997087419 55.386436462
0.996996045 -0.012263004 -0.076474443 -3.417103291 0.013375060 0.999811888 0.014046381 -0.533680677 0.076287813 -0.015027041 0.996972620 56.339851379
0.996996820 -0.010421561 -0.076737761 -3.500278711 0.011674071 0.999805510 0.015891496 -0.530294478 0.076557234 -0.016739614 0.996924698 57.285423279
0.996887863 -0.009303072 -0.078280479 -3.576920033 0.010256438 0.999877930 0.011785636 -0.531227350 0.078161284 -0.012551837 0.996861756 58.216018677
0.996806264 -0.006987544 -0.079552330 -3.655705929 0.007345998 0.999964178 0.004214126 -0.540564358 0.079520032 -0.004785058 0.996821821 59.127349854
0.996751487 -0.005868664 -0.080325127 -3.734689713 0.005863970 0.999982715 -0.000294310 -0.550357759 0.080325477 -0.000177671 0.996768594 60.043872833
0.996725440 -0.000626977 -0.080859810 -3.823377132 0.000663396 0.999999702 0.000423542 -0.559561849 0.080859520 -0.000475797 0.996725321 60.943424225
0.996583641 0.002037581 -0.082565658 -3.902657509 -0.001802076 0.999994099 0.002926747 -0.574281573 0.082571149 -0.002767958 0.996581316 61.843864441
0.996507645 0.004177027 -0.083396621 -3.979647398 -0.003814684 0.999982595 0.004503687 -0.587921917 0.083413996 -0.004169827 0.996506274 62.721298218
0.996394336 0.004763482 -0.084709577 -4.055817604 -0.004426754 0.999981523 0.004162469 -0.595257759 0.084727868 -0.003772472 0.996396959 63.588905334
0.996269763 0.006299199 -0.086062573 -4.138334274 -0.005875389 0.999969244 0.005176846 -0.606999040 0.086092547 -0.004651884 0.996276319 64.434371948
0.996133089 0.007456569 -0.087539956 -4.217141151 -0.006988002 0.999959528 0.005657849 -0.616978049 0.087578610 -0.005024243 0.996144950 65.274459839
0.996016026 0.007044885 -0.088895164 -4.289217949 -0.006506499 0.999958634 0.006344750 -0.630786061 0.088936202 -0.005741076 0.996020734 66.084236145
0.995908618 0.006834631 -0.090106241 -4.362969875 -0.006201526 0.999954045 0.007304296 -0.636227608 0.090152040 -0.006715616 0.995905340 66.888404846
0.995764732 0.010101584 -0.091380216 -4.444402695 -0.009215645 0.999906361 0.010111856 -0.645744979 0.091473833 -0.009226907 0.995764673 67.684211731
0.995627701 0.011611117 -0.092686132 -4.521604538 -0.010324294 0.999843657 0.014351131 -0.652303696 0.092838295 -0.013331467 0.995591998 68.466209412
0.995443285 0.014418273 -0.094258524 -4.606459141 -0.012968112 0.999788165 0.015979458 -0.652615666 0.094468959 -0.014684288 0.995419562 69.249710083
0.995273173 0.017352046 -0.095550925 -4.685971737 -0.016292738 0.999796927 0.011855410 -0.658605635 0.095737234 -0.010242587 0.995353997 69.999183655
0.995130360 0.017375866 -0.097023763 -4.756092072 -0.017009547 0.999844611 0.004601480 -0.667549491 0.097088657 -0.002928743 0.995271504 70.714881897
0.995002568 0.016455676 -0.098483630 -4.829195023 -0.016652394 0.999860644 -0.001175780 -0.673969269 0.098450586 0.002809893 0.995138049 71.420982361
0.994939387 0.017187662 -0.098995171 -4.903022766 -0.017521914 0.999843299 -0.002507966 -0.678294241 0.098936558 0.004229860 0.995084822 72.113334656
0.994832277 0.019849135 -0.099573061 -4.982721806 -0.019843360 0.999802530 0.001048460 -0.687667847 0.099574216 0.000932822 0.995029747 72.794311523
0.994700313 0.020337082 -0.100785591 -5.056213379 -0.020102095 0.999792218 0.003346743 -0.704473317 0.100832716 -0.001303006 0.994902611 73.443954468
0.994655371 0.017025320 -0.101837702 -5.119070053 -0.017092401 0.999853969 0.000213894 -0.716737032 0.101826444 0.001527900 0.994801044 74.077323914
0.994755864 0.008873526 -0.101892292 -5.169227123 -0.009413777 0.999944031 -0.004822571 -0.733367682 0.101843804 0.005756473 0.994783759 74.685073853
0.994899035 0.004949890 -0.100754656 -5.226782322 -0.005961666 0.999934673 -0.009743377 -0.739511847 0.100699872 0.010294341 0.994863570 75.282386780
0.995151937 0.006984985 -0.098100908 -5.279437065 -0.008012366 0.999917030 -0.010082658 -0.750900984 0.098022349 0.010819799 0.995125353 75.866722107
0.995516837 0.012293691 -0.093782224 -5.342894554 -0.012986884 0.999892652 -0.006784762 -0.766750216 0.093688756 0.007972283 0.995569646 76.432876587
0.995962977 0.010716039 -0.089122809 -5.393385887 -0.011095908 0.999931335 -0.003767936 -0.775466323 0.089076303 0.004741622 0.996013582 76.990570068
0.996481001 0.007182223 -0.083510377 -5.427873135 -0.007202170 0.999974132 0.000062399 -0.780320585 0.083508670 0.000539277 0.996506929 77.535949707
0.997166336 0.002539078 -0.075185843 -5.458977699 -0.002261315 0.999990284 0.003779235 -0.797813118 0.075194709 -0.003598507 0.997162402 78.063537598
0.997883022 0.006063906 -0.064752072 -5.485000134 -0.005837987 0.999976158 0.003677633 -0.807358503 0.064772844 -0.003291827 0.997894645 78.576759338
0.998712897 0.011207209 -0.049467504 -5.516025543 -0.011065839 0.999933839 0.003130825 -0.813786030 0.049499322 -0.002579397 0.998770833 79.081619263
0.999374270 0.016200529 -0.031441364 -5.528820992 -0.016099419 0.999864340 0.003466369 -0.817384660 0.031493265 -0.002958013 0.999499619 79.576560974
0.999847651 0.014895041 -0.009092070 -5.520082951 -0.014857375 0.999880791 0.004196564 -0.824645162 0.009153508 -0.004060841 0.999949932 80.054832458
0.999787748 0.011638404 0.016997771 -5.487919807 -0.011732485 0.999916315 0.005445877 -0.834009171 -0.016932972 -0.005644148 0.999840677 80.509986877
0.998862565 0.010566610 0.046496257 -5.444007397 -0.010906630 0.999915600 0.007065248 -0.842525840 -0.046417676 -0.007564330 0.998893440 80.962280273
0.996768534 0.010151910 0.079682216 -5.388930321 -0.010877665 0.999903142 0.008679333 -0.850667894 -0.079586387 -0.009518045 0.996782482 81.416694641
0.993071735 0.010264569 0.117060706 -5.310082436 -0.011366864 0.999897122 0.008752715 -0.851163745 -0.116958827 -0.010022690 0.993086100 81.855186462
0.987267911 0.009965587 0.158753872 -5.223279953 -0.011469222 0.999897480 0.008558058 -0.854822338 -0.158652321 -0.010269878 0.987281084 82.260078430
0.978942335 0.009782419 0.203902736 -5.108245850 -0.011728007 0.999896348 0.008335525 -0.858795702 -0.203800067 -0.010551370 0.978955686 82.676849365
0.967464924 0.011857135 0.252727211 -4.973787308 -0.013910322 0.999883115 0.006338858 -0.867885232 -0.252622515 -0.009648139 0.967516780 83.075683594
0.951861501 0.012792069 0.306261182 -4.825748444 -0.014638674 0.999885738 0.003733358 -0.877877831 -0.306178451 -0.008036897 0.951940119 83.460578918
0.932050109 0.013323386 0.362084180 -4.644161224 -0.014712143 0.999891043 0.001078535 -0.877747536 -0.362030387 -0.006332283 0.932144642 83.832313538
0.908087611 0.013144088 0.418573856 -4.453258514 -0.014284878 0.999897838 -0.000408108 -0.890713155 -0.418536544 -0.005608679 0.908182681 84.147315979
0.878946304 0.013540195 0.476728439 -4.235095978 -0.013918782 0.999899328 -0.002737342 -0.892215490 -0.476717561 -0.004229504 0.879046261 84.476043701
0.845579028 0.012486898 0.533704042 -3.989948273 -0.011419103 0.999920726 -0.005302852 -0.895500779 -0.533727944 -0.001610440 0.845654726 84.779693604
0.808679700 0.012048235 0.588125706 -3.728755951 -0.010112689 0.999927223 -0.006579254 -0.904845119 -0.588162243 -0.000627023 0.808742762 85.068222046
0.768657446 0.011015785 0.639565825 -3.450008392 -0.009231834 0.999938607 -0.006127581 -0.910900116 -0.639594078 -0.001194355 0.768711925 85.340995789
0.726838112 0.009487118 0.686743140 -3.157840729 -0.010223678 0.999943256 -0.002993289 -0.928802133 -0.686732650 -0.004845404 0.726893961 85.573211670
0.682907224 0.008775599 0.730452240 -2.856147766 -0.009108592 0.999952376 -0.003497637 -0.927996874 -0.730448425 -0.004264831 0.682954669 85.768432617
0.636392117 0.007693348 0.771327317 -2.536231995 -0.005926560 0.999969542 -0.005084089 -0.932126522 -0.771343052 -0.001335845 0.636418283 85.974212646
0.589372456 0.004954841 0.807846308 -2.203102112 -0.000353852 0.999982655 -0.005875134 -0.941020966 -0.807861447 0.003176783 0.589363813 86.160583496
0.543143690 0.007068112 0.839609981 -1.864730835 -0.002661273 0.999974012 -0.006696533 -0.953292489 -0.839635670 0.001402747 0.543148398 86.325950623
0.495187193 0.010137706 0.868727148 -1.535099030 -0.006079497 0.999947906 -0.008203599 -0.959161222 -0.868765175 -0.001219108 0.495222867 86.491455078
0.450077087 0.012343351 0.892904401 -1.188941956 -0.006554376 0.999923229 -0.010518963 -0.964647174 -0.892965794 -0.001118088 0.450123280 86.624252319
0.406472027 0.009484194 0.913613975 -0.841272354 0.000029554 0.999945939 -0.010393552 -0.980676711 -0.913663208 0.004251689 0.406449914 86.751724243
0.367147624 0.001687669 0.930161119 -0.473003387 0.015136192 0.999855101 -0.007788589 -0.985603809 -0.930039525 0.016938657 0.367068917 86.836471558
0.331863374 -0.001850419 0.943325639 -0.102447510 0.019568760 0.999796391 -0.004923128 -0.987481177 -0.943124533 0.020093517 0.331832051 86.927841187
0.298602879 0.002305975 0.954374731 0.263795853 0.016602391 0.999833226 -0.007610337 -0.995814443 -0.954233050 0.018117372 0.298514783 87.026008606
0.267600417 0.009516630 0.963483036 0.627820969 0.005937015 0.999915957 -0.011525454 -1.011623383 -0.963511705 0.008804428 0.267521381 87.125946045
0.238625467 0.014630794 0.971001446 1.022302628 0.000304478 0.999885321 -0.015140831 -1.024258375 -0.971111655 0.003908637 0.238593623 87.223991394
0.212888539 0.016206216 0.976942062 1.412235260 0.001744128 0.999854445 -0.016966375 -1.038648605 -0.977074981 0.005315858 0.212829277 87.288475037
0.189098552 0.017765848 0.981797338 1.822740555 0.008929442 0.999763906 -0.019810803 -1.046925068 -0.981917560 0.012513097 0.188895255 87.347419739
0.169387698 0.023726037 0.985263884 2.234338760 0.015724042 0.999517798 -0.026772579 -1.051427841 -0.985424101 0.020027278 0.168932974 87.384300232
0.149747357 0.030873235 0.988242149 2.655360222 0.018069368 0.999259949 -0.033955473 -1.045424461 -0.988559127 0.022941649 0.149078667 87.436233521
0.132082537 0.031367306 0.990742326 3.093351364 0.015750652 0.999306500 -0.033738278 -1.060034156 -0.991113663 0.020061068 0.131496891 87.490219116
0.116686374 0.027101513 0.992798984 3.552845955 0.013808302 0.999486625 -0.028906999 -1.082865238 -0.993072987 0.017081914 0.116252258 87.539054871
0.102011956 0.023746409 0.994499624 4.023958206 0.013719048 0.999586403 -0.025275107 -1.104939818 -0.994688630 0.016221950 0.101643980 87.584815979
0.088883087 0.021355933 0.995813072 4.499408245 0.016563697 0.999600053 -0.022915566 -1.120569706 -0.995904326 0.018531151 0.088493824 87.613525391
0.077262245 0.020697176 0.996796012 4.994214058 0.020329777 0.999543905 -0.022330010 -1.133777142 -0.996803522 0.021989906 0.076806270 87.638710022
0.067012973 0.021363562 0.997523367 5.507660389 0.023345103 0.999463439 -0.022973426 -1.148125648 -0.997478902 0.024826804 0.066478290 87.666198730
0.059180394 0.021942522 0.998006105 6.045255661 0.025515756 0.999398410 -0.023486184 -1.160247326 -0.997921109 0.026854804 0.058584936 87.690155029
0.053881861 0.022064460 0.998303473 6.583690166 0.026992081 0.999358296 -0.023544624 -1.179144621 -0.998182356 0.028214918 0.053251721 87.708663940
0.048491281 0.023136484 0.998555541 7.143705845 0.028313994 0.999298036 -0.024528652 -1.193647146 -0.998422146 0.029462529 0.047802165 87.728843689
0.042599067 0.023887785 0.998806536 7.728860855 0.028654302 0.999273658 -0.025121057 -1.211536169 -0.998681247 0.029690241 0.041883647 87.749977112
0.037741177 0.023803320 0.999004006 8.329777718 0.030921998 0.999209642 -0.024976417 -1.226150751 -0.998809040 0.031833835 0.036975302 87.773025513
0.034950625 0.023838244 0.999104738 8.952283859 0.032164104 0.999170840 -0.024964985 -1.242169380 -0.998871386 0.033007853 0.034154907 87.788414001
0.032059215 0.023261484 0.999215186 9.592781067 0.033468541 0.999143422 -0.024333628 -1.263283014 -0.998925447 0.034222405 0.031253226 87.804046631
0.029522026 0.022673022 0.999306977 10.248727798 0.035582244 0.999085248 -0.023719180 -1.282699943 -0.998930573 0.036257830 0.028688269 87.822059631
0.028915755 0.022357959 0.999331832 10.924160957 0.039892182 0.998927534 -0.023503199 -1.299642205 -0.998785496 0.040545143 0.027992837 87.835144043
0.030054512 0.021905553 0.999308228 11.613275528 0.043512505 0.998783410 -0.023202704 -1.317889094 -0.998600721 0.044179745 0.029064780 87.849983215
0.032497816 0.021674950 0.999236822 12.320298195 0.045464300 0.998697877 -0.023141883 -1.340540409 -0.998437226 0.046181656 0.031470064 87.874618530
0.036237165 0.021748116 0.999106526 13.043476105 0.047782730 0.998581946 -0.023469757 -1.361113191 -0.998200238 0.048590522 0.035146594 87.896598816
0.040727627 0.021218181 0.998944938 13.787113190 0.048225541 0.998567462 -0.023176352 -1.381567597 -0.998005807 0.049118586 0.039646037 87.925941467
0.044910885 0.019670948 0.998797297 14.545770645 0.049848210 0.998516440 -0.021906840 -1.399859667 -0.997746587 0.050772119 0.043863703 87.957183838
0.048522577 0.018138846 0.998657346 15.304618835 0.049003851 0.998587728 -0.020518577 -1.421484709 -0.997619212 0.049933679 0.047565192 88.005592346
0.052797902 0.016049193 0.998476148 16.100349426 0.046410512 0.998750865 -0.018507730 -1.440216660 -0.997526169 0.047316965 0.051987112 88.047790527
0.056442495 0.015134084 0.998291016 16.894042969 0.045756515 0.998795211 -0.017728757 -1.458591461 -0.997356772 0.046678979 0.055682018 88.106903076
0.060709011 0.015909366 0.998028636 17.701829910 0.043122366 0.998897672 -0.018546302 -1.480543613 -0.997223675 0.044163298 0.059956033 88.162513733
0.063912436 0.019975251 0.997755527 18.491188049 0.040365756 0.998929560 -0.022584436 -1.509259224 -0.997138798 0.041718587 0.063037723 88.206130981
0.065202087 0.025320608 0.997550786 19.290025711 0.034461230 0.999024451 -0.027610475 -1.534241319 -0.997276783 0.036177091 0.064265914 88.269569397
0.065023221 0.028380048 0.997480035 20.100713730 0.031612761 0.999034941 -0.030485053 -1.561970353 -0.997382820 0.033515327 0.064063311 88.329490662
0.065204516 0.028077299 0.997476757 20.916679382 0.029341089 0.999117911 -0.030041507 -1.592017770 -0.997440457 0.031225897 0.064323179 88.391929626
0.065180860 0.026239088 0.997528315 21.729169846 0.026477138 0.999256730 -0.028014626 -1.625434637 -0.997522175 0.028237714 0.064437672 88.453498840
0.065407082 0.025222249 0.997539759 22.545375824 0.027494323 0.999255419 -0.027068384 -1.656075239 -0.997479796 0.029197145 0.064664915 88.503936768
0.065111078 0.024037635 0.997588456 23.365245819 0.024920862 0.999358714 -0.025706843 -1.696538448 -0.997566760 0.026534565 0.064470291 88.573974609
0.065299675 0.024374198 0.997567892 24.180860519 0.023225971 0.999393642 -0.025939148 -1.728515148 -0.997595310 0.024863308 0.064693965 88.633811951
0.065036066 0.025158545 0.997565687 24.992935181 0.020222465 0.999443471 -0.026524302 -1.758981228 -0.997677863 0.021898273 0.064491108 88.699905396
0.064180069 0.026273008 0.997592330 25.798469543 0.017721364 0.999465644 -0.027462449 -1.793346882 -0.997780979 0.019441240 0.063680172 88.750221252
0.061225969 0.026120177 0.997782052 26.611955643 0.014642517 0.999526322 -0.027064338 -1.822777033 -0.998016417 0.016267078 0.060814511 88.810119629
0.057000246 0.024910595 0.998063326 27.421358109 0.011939864 0.999600112 -0.025630848 -1.855105996 -0.998302758 0.013377705 0.056680020 88.868698120
0.052533560 0.022347426 0.998368919 28.242313385 0.010339417 0.999683857 -0.022920912 -1.885171890 -0.998565555 0.011526674 0.052285884 88.911773682
0.046745207 0.020164063 0.998703241 29.055145264 0.008226464 0.999754608 -0.020570341 -1.915914774 -0.998872936 0.009177363 0.046567857 88.949623108
0.039156243 0.020779787 0.999016881 29.864391327 0.007731135 0.999747634 -0.021097999 -1.941407561 -0.999203086 0.008549656 0.038985703 88.983482361
0.030661929 0.021111475 0.999306798 30.646188736 0.007090597 0.999747157 -0.021338336 -1.977596164 -0.999504685 0.007739956 0.030504482 88.999191284
0.020226480 0.021759449 0.999558628 31.449096680 0.007346531 0.999732912 -0.021911904 -2.000594616 -0.999768436 0.007786490 0.020061223 89.020484924
0.010029377 0.020819249 0.999732852 32.253021240 0.009661124 0.999734461 -0.020916203 -2.026220798 -0.999903083 0.009868322 0.009825580 89.028991699
-0.000449700 0.019991452 0.999800026 33.041393280 0.008266003 0.999765992 -0.019987054 -2.053969622 -0.999965668 0.008255363 -0.000614844 89.022857666
-0.011385513 0.019471707 0.999745488 33.829467773 0.009636937 0.999765933 -0.019362355 -2.077853918 -0.999888718 0.009414036 -0.011570498 89.010322571
-0.022595389 0.019522401 0.999553978 34.611408234 0.009902324 0.999764681 -0.019302666 -2.107118845 -0.999695599 0.009461760 -0.022783393 88.992187500
-0.033757702 0.020208985 0.999225557 35.391422272 0.010078521 0.999751627 -0.019879129 -2.131965637 -0.999379158 0.009399643 -0.033953000 88.965644836
-0.044137511 0.021169821 0.998801172 36.168529510 0.009856505 0.999736011 -0.020754078 -2.160105705 -0.998976886 0.008928658 -0.044334523 88.927848816
-0.054570109 0.022232806 0.998262405 36.931194305 0.010325376 0.999711156 -0.021700641 -2.184592247 -0.998456538 0.009123228 -0.054783914 88.886566162
-0.063593388 0.022845883 0.997714341 37.690868378 0.011962698 0.999683440 -0.022128483 -2.215695143 -0.997904181 0.010528130 -0.063846558 88.825714111
-0.073759243 0.023412993 0.997001231 38.456008911 0.011919328 0.999673665 -0.022593951 -2.239660978 -0.997204840 0.010217074 -0.074014246 88.775924683
-0.083199687 0.023814332 0.996248364 39.196304321 0.012577232 0.999659896 -0.022845523 -2.267207623 -0.996453524 0.010629307 -0.083470911 88.715377808
-0.091766834 0.023190102 0.995510519 39.928611755 0.013826538 0.999662101 -0.022012275 -2.293395996 -0.995684564 0.011744468 -0.092056468 88.641670227
-0.099324048 0.022181029 0.994808018 40.656425476 0.015076269 0.999670327 -0.020784196 -2.318906546 -0.994940937 0.012933625 -0.099625707 88.571800232
-0.104094476 0.020439917 0.994357347 41.393234253 0.018603794 0.999653876 -0.018601248 -2.351130962 -0.994393468 0.016562533 -0.104438707 88.477996826
-0.107431889 0.019234372 0.994026363 42.098712921 0.022014415 0.999613702 -0.016963221 -2.370853186 -0.993968844 0.020060519 -0.107813820 88.388275146
-0.110348694 0.017902562 0.993731678 42.809432983 0.023108017 0.999613643 -0.015442507 -2.394810200 -0.993624330 0.021259109 -0.110719763 88.313102722
-0.112164773 0.016932135 0.993545353 43.494438171 0.023125818 0.999628484 -0.014425050 -2.418188334 -0.993420541 0.021358568 -0.112514682 88.239021301
-0.112891003 0.017335435 0.993456125 44.162033081 0.024154034 0.999600232 -0.014697916 -2.440399647 -0.993313789 0.022336714 -0.113264591 88.160522461
-0.111680388 0.018241022 0.993576765 44.812622070 0.024585353 0.999576211 -0.015587714 -2.461902618 -0.993440092 0.022686597 -0.112081520 88.085884094
-0.108640663 0.019971648 0.993880451 45.435497284 0.025814658 0.999517679 -0.017263137 -2.483123064 -0.993745923 0.023781205 -0.109103829 88.017646790
-0.103845417 0.020482972 0.994382501 46.062126160 0.026249813 0.999496102 -0.017846983 -2.504631996 -0.994247019 0.024249034 -0.104330763 87.958213806
-0.095832422 0.021257017 0.995170474 46.655513763 0.025761047 0.999490082 -0.018868556 -2.523342133 -0.995064139 0.023828419 -0.096331149 87.906105042
-0.084705696 0.021104721 0.996182561 47.239063263 0.024202822 0.999524295 -0.019117543 -2.548397541 -0.996112049 0.022491066 -0.085176185 87.867065430
-0.070968494 0.021215310 0.997252941 47.797042847 0.023788191 0.999525428 -0.019570790 -2.572050571 -0.997194886 0.022333937 -0.071439490 87.834251404
-0.054031923 0.022453941 0.998286664 48.342899323 0.022055082 0.999530077 -0.021288184 -2.600380421 -0.998295605 0.020867055 -0.054501768 87.819602966
-0.032678608 0.024918342 0.999155223 48.874584198 0.020240715 0.999500573 -0.024264961 -2.622556210 -0.999260962 0.019430671 -0.033166662 87.821060181
-0.008097820 0.027995367 0.999575198 49.392444611 0.017990716 0.999450266 -0.027846122 -2.646273375 -0.999805391 0.017757582 -0.008597031 87.834518433
0.019960139 0.029716019 0.999359012 49.914791107 0.016207643 0.999417245 -0.030041462 -2.668487072 -0.999669433 0.016796894 0.019466873 87.867622375
0.053401966 0.029116202 0.998148501 50.430976868 0.014306300 0.999449909 -0.029919565 -2.690357208 -0.998470664 0.015877578 0.052956048 87.912071228
0.092115596 0.026469603 0.995396495 50.929531097 0.013538738 0.999520898 -0.027832180 -2.713056564 -0.995656312 0.016040191 0.091713108 87.969947815
0.133793101 0.022815943 0.990746498 51.427047729 0.011344202 0.999634027 -0.024552563 -2.730728626 -0.990944326 0.014524193 0.133485347 88.067474365
0.179199725 0.018509571 0.983638585 51.912197113 0.008360643 0.999758244 -0.020336047 -2.754669189 -0.983777165 0.011868065 0.179001659 88.180709839
0.227497071 0.015428288 0.973656476 52.397628784 0.003889081 0.999851942 -0.016752068 -2.769798994 -0.973771095 0.007597675 0.227403462 88.328933716
0.279118359 0.013793479 0.960157633 52.876464844 0.000260711 0.999895692 -0.014440139 -2.789505482 -0.960256636 0.004280831 0.279085666 88.491233826
0.334726572 0.013774311 0.942214668 53.331832886 -0.000418857 0.999895215 -0.014468749 -2.800499916 -0.942315161 0.004448421 0.334697276 88.677566528
0.392514229 0.014159974 0.919636905 53.768547058 0.001690624 0.999868572 -0.016116913 -2.814291954 -0.919744372 0.007880878 0.392438740 88.895629883
0.450536758 0.017872499 0.892578840 54.169788361 0.002828188 0.999765933 -0.021446303 -2.825549841 -0.892753422 0.012186730 0.450380772 89.153945923
0.510272145 0.020815134 0.859761000 54.566925049 0.004648729 0.999625623 -0.026960351 -2.841980696 -0.860000432 0.017753912 0.509984374 89.424873352
0.569289267 0.025869753 0.821730137 54.936374664 0.000564118 0.999492168 -0.031856880 -2.844004154 -0.822137237 0.018599333 0.568985581 89.713600159
0.624854445 0.027587606 0.780253649 55.282936096 -0.003415054 0.999462485 -0.032603323 -2.875270367 -0.780733824 0.017707726 0.624612808 90.043228149
0.675984383 0.029951975 0.736306965 55.569519043 -0.005856315 0.999360383 -0.035276100 -2.878216743 -0.736892760 0.019534046 0.675727367 90.390594482
0.726124287 0.027112518 0.687028766 55.884910583 -0.005665219 0.999424219 -0.033453118 -2.903375149 -0.687540233 0.020398950 0.725859821 90.747879028
0.770656347 0.023705941 0.636809945 56.134761810 -0.008074553 0.999590814 -0.027439166 -2.923200607 -0.637199938 0.016004214 0.770532429 91.131469727
0.811251521 0.020631736 0.584333241 56.368713379 -0.009311785 0.999706388 -0.022369899 -2.914548874 -0.584623218 0.012706429 0.811205387 91.545913696
0.848321795 0.017415313 0.529194653 56.586448669 -0.011011736 0.999823034 -0.015250983 -2.931071043 -0.529366553 0.007110389 0.848363578 91.950340271
0.879627049 0.014190708 0.475452393 56.774318695 -0.011740310 0.999898076 -0.008123146 -2.938411236 -0.475519180 0.001563382 0.879703999 92.382667542
0.905097544 0.015367687 0.424926251 56.935916901 -0.015758913 0.999872446 -0.002594274 -2.949595690 -0.424911857 -0.004348305 0.905224383 92.824317932
0.925048411 0.016857753 0.379474938 57.058502197 -0.018877596 0.999820471 0.001602114 -2.966907740 -0.379379839 -0.008645607 0.925200641 93.245681763
0.940094531 0.022919049 0.340143144 57.167812347 -0.025992988 0.999652088 0.004482771 -2.977920294 -0.339922041 -0.013055563 0.940363050 93.684585571
0.951949358 0.027787028 0.304992616 57.279518127 -0.030284639 0.999535382 0.003460155 -2.980443001 -0.304754674 -0.012530483 0.952348471 94.137435913
0.961319566 0.028990816 0.273905218 57.401844025 -0.031174796 0.999507308 0.003623188 -2.975574493 -0.273665249 -0.012021983 0.961749792 94.600425720
0.967428505 0.024095017 0.251994908 57.514244080 -0.025793180 0.999661326 0.003437374 -2.977215767 -0.251826733 -0.009825164 0.967722416 95.072990417
0.971416295 0.021190738 0.236434773 57.621471405 -0.022924505 0.999726653 0.004586012 -2.990023613 -0.236272991 -0.009875078 0.971636474 95.554107666
0.974227846 0.025807044 0.224084914 57.712120056 -0.027380340 0.999617338 0.003916005 -2.986037493 -0.223898113 -0.009950601 0.974561810 96.055885315
0.976303160 0.030834012 0.214199424 57.807624817 -0.032611135 0.999456644 0.004767018 -2.988109589 -0.213936061 -0.011639341 0.976778328 96.557861328
0.977288783 0.039407723 0.208215401 57.898483276 -0.041022409 0.999152184 0.003440786 -2.991512775 -0.207903266 -0.011904138 0.978076935 97.068542480
0.977641225 0.045041952 0.205399081 57.992641449 -0.046046823 0.998939216 0.000112466 -2.995906115 -0.205176160 -0.009567928 0.978678286 97.575027466
0.977754414 0.046357293 0.204566091 58.096946716 -0.046888251 0.998897612 -0.002253502 -3.006071568 -0.204445019 -0.007388374 0.978850126 98.098388672
0.977409601 0.044226851 0.206674397 58.227970123 -0.043962725 0.999015808 -0.005872645 -3.013038397 -0.206730723 -0.003345989 0.978392184 98.619812012
0.976652563 0.043150585 0.210446611 58.350540161 -0.041479845 0.999062955 -0.012348764 -3.018518686 -0.210782245 0.003331159 0.977527380 99.168304443
0.975781858 0.043239959 0.214429811 58.475231171 -0.040472969 0.999031186 -0.017279683 -3.021194935 -0.214969277 0.008182589 0.976586521 99.721771240
0.974544883 0.048179049 0.218954474 58.594894409 -0.045666888 0.998820066 -0.016522963 -3.038166523 -0.219492182 0.006103401 0.975595176 100.303939819
0.973024905 0.051272441 0.224930197 58.721801758 -0.049600601 0.998683453 -0.013081018 -3.041656971 -0.225304753 0.001571484 0.974287033 100.900894165
0.972158134 0.047865834 0.229384869 58.869560242 -0.047254149 0.998849452 -0.008162050 -3.057137728 -0.229511663 -0.002904585 0.973301589 101.500434875
0.971472800 0.043722454 0.233086303 59.022579193 -0.044308893 0.999014139 -0.002722070 -3.065721750 -0.232975543 -0.007683380 0.972452343 102.114440918
0.970645547 0.041177668 0.236963704 59.176467896 -0.042903975 0.999076962 0.002130683 -3.075048208 -0.236657262 -0.012234823 0.971516192 102.742835999
0.970161676 0.035827424 0.239797756 59.338848114 -0.037610892 0.999288380 0.002863731 -3.083998680 -0.239524513 -0.011797289 0.970818698 103.370544434
0.970118105 0.032873124 0.240396023 59.494613647 -0.033767056 0.999429584 -0.000400759 -3.087689638 -0.240272090 -0.007728684 0.970674813 104.014633179
0.970299184 0.032421019 0.239725366 59.662918091 -0.031512510 0.999474287 -0.007622878 -3.094019175 -0.239846513 -0.000157878 0.970810831 104.662834167
0.970443547 0.034722239 0.238817438 59.819419861 -0.032238893 0.999377847 -0.014297983 -3.102021217 -0.239165336 0.006176173 0.970959246 105.322265625
0.970986664 0.037592448 0.236160025 59.976440430 -0.034219068 0.999245584 -0.018368118 -3.107597351 -0.236672387 0.009754020 0.971540570 106.002502441
0.971607149 0.036086749 0.233832151 60.139694214 -0.033774778 0.999332905 -0.013885476 -3.115273476 -0.234177276 0.005593596 0.972177863 106.692291260
0.972079873 0.031918108 0.232469469 60.308952332 -0.031354275 0.999489605 -0.006121061 -3.132003546 -0.232546240 -0.001338753 0.972584367 107.399795532
0.972635448 0.032461122 0.230058014 60.475654602 -0.033377104 0.999442756 0.000090057 -3.148472071 -0.229926884 -0.007766264 0.973176956 108.107215881
0.972903967 0.035885859 0.228408083 60.633926392 -0.036743544 0.999324620 -0.000497737 -3.158547640 -0.228271693 -0.007908272 0.973565400 108.834838867
0.973213255 0.041392289 0.226147979 60.791229248 -0.041275933 0.999133945 -0.005245068 -3.164845943 -0.226169258 -0.004229901 0.974078953 109.568702698
0.974066675 0.042309158 0.222270280 60.956333160 -0.040977716 0.999103785 -0.010600658 -3.172544003 -0.222519606 0.001217619 0.974927425 110.305168152
0.974998772 0.040932022 0.218407527 61.122817993 -0.038881294 0.999150157 -0.013680922 -3.181035995 -0.218781903 0.004846915 0.975761712 111.061614990
0.975930035 0.038562763 0.214647368 61.289100647 -0.036819398 0.999248445 -0.012115789 -3.192050457 -0.214953259 0.003920975 0.976616442 111.835945129
0.976799488 0.035035491 0.211270615 61.456703186 -0.033726148 0.999383032 -0.009798809 -3.209306717 -0.211483583 0.002446129 0.977378547 112.612960815
0.977253139 0.033755511 0.209372863 61.625328064 -0.033029187 0.999430060 -0.006965593 -3.222507715 -0.209488660 -0.000108270 0.977811158 113.407546997
0.977555811 0.031028127 0.208379060 61.791725159 -0.030709501 0.999516904 -0.004764814 -3.232125282 -0.208426297 -0.001741345 0.978036523 114.207221985
0.977765143 0.025687246 0.208123460 61.959136963 -0.025503127 0.999668241 -0.003568343 -3.242888689 -0.208146080 -0.001818797 0.978096068 114.994865417
0.977855086 0.026500002 0.207598224 62.124359131 -0.026671460 0.999642253 -0.001973520 -3.252834797 -0.207576260 -0.003607131 0.978212237 115.797485352
0.977683544 0.031796109 0.207662389 62.292015076 -0.031699300 0.999490142 -0.003794684 -3.265642166 -0.207677200 -0.002872752 0.978193223 116.623596191
0.977398336 0.037151266 0.208115652 62.457557678 -0.036458701 0.999309421 -0.007164007 -3.276911736 -0.208238140 -0.000585538 0.978077948 117.432449341
0.976827800 0.045868531 0.209053516 62.620635986 -0.045023520 0.998947144 -0.008801624 -3.285797119 -0.209237188 -0.000814655 0.977864504 118.264312744
0.975961626 0.051583644 0.211749718 62.789360046 -0.050962586 0.998665273 -0.008393235 -3.296275616 -0.211900055 -0.002599839 0.977287829 119.089523315
0.975087166 0.054453395 0.215034187 62.956161499 -0.054398850 0.998500288 -0.006176267 -3.320191383 -0.215047985 -0.005675212 0.976586938 119.922851562
0.974536836 0.054892424 0.217404649 63.140457153 -0.054716416 0.998478472 -0.006834022 -3.339023352 -0.217449024 -0.005235597 0.976057649 120.760826111
0.974145532 0.053349804 0.219532326 63.320667267 -0.052444234 0.998574257 -0.009954936 -3.347835779 -0.219750434 -0.001815649 0.975554466 121.593399048
0.974202752 0.047093879 0.220705837 63.517662048 -0.046363607 0.998888493 -0.008490820 -3.364444256 -0.220860407 -0.001960938 0.975303471 122.434310913
0.974420488 0.040811833 0.220995769 63.716384888 -0.039600085 0.999166310 -0.009912781 -3.387298584 -0.221216127 0.000907766 0.975224435 123.255485535
0.974205494 0.039871957 0.222112253 63.902313232 -0.038662981 0.999204278 -0.009790273 -3.407164097 -0.222325876 0.000950215 0.974972129 124.094604492
0.973633051 0.042399362 0.224145055 64.088439941 -0.041876160 0.999097645 -0.007089554 -3.420316696 -0.224243417 -0.002483713 0.974530041 124.941207886
0.973191977 0.044525910 0.225642726 64.270065308 -0.045414187 0.998967350 -0.001255107 -3.435225964 -0.225465611 -0.009025922 0.974209309 125.786041260
0.972803473 0.048442341 0.226509660 64.455566406 -0.050345570 0.998728395 0.002629520 -3.449150562 -0.226094276 -0.013961768 0.974005461 126.624931335
0.972583175 0.047697321 0.227611393 64.640228271 -0.048150998 0.998833656 -0.003562414 -3.467516899 -0.227515846 -0.007494973 0.973745584 127.440422058
0.972854376 0.043570064 0.227279678 64.833656311 -0.040546387 0.999016345 -0.017957939 -3.485519886 -0.227838531 0.008255090 0.973664045 128.250961304
