0.999989390 -0.002693211 -0.003714197 0.000413361 0.002686267 0.999994636 -0.001873431 -0.000506390 0.003719222 0.001863434 0.999991298 0.041152585
0.999968588 -0.001504398 -0.007774597 -0.000122458 0.001479813 0.999993861 -0.003167002 -0.001054694 0.007779313 0.003155398 0.999964654 0.083174147
0.999927223 -0.001499939 -0.011967696 -0.000624927 0.001444476 0.999988198 -0.004641672 -0.001139788 0.011974516 0.004624046 0.999917626 0.126227066
0.999855757 -0.000068587 -0.016976412 -0.001725748 -0.000026297 0.999984324 -0.005588843 -0.001197533 0.016976530 0.005588485 0.999840260 0.170686901
0.999777853 -0.000910839 -0.021049390 -0.003125654 0.000791412 0.999983549 -0.005681266 -0.001668064 0.021054212 0.005663346 0.999762297 0.215074852
0.999677539 0.000707614 -0.025379200 -0.004887514 -0.000880224 0.999976516 -0.006790720 -0.002419624 0.025373794 0.006810871 0.999654770 0.261560231
0.999539137 0.003547200 -0.030148018 -0.006969962 -0.003781294 0.999963105 -0.007711348 -0.002591149 0.030119551 0.007821791 0.999515593 0.308653980
0.999388576 0.003911449 -0.034742869 -0.008764275 -0.004125405 0.999972939 -0.006088733 -0.003000533 0.034718111 0.006228338 0.999377608 0.356761992
0.999231875 0.003126342 -0.039062291 -0.010824932 -0.003257121 0.999989331 -0.003284768 -0.003589821 0.039051615 0.003409476 0.999231398 0.405635476
0.999094963 0.002898725 -0.042435389 -0.013280808 -0.002929862 0.999995530 -0.000671566 -0.004080056 0.042433243 0.000795288 0.999098957 0.454876453
0.998987496 0.004354399 -0.044778388 -0.016189504 -0.004426094 0.999989092 -0.001502062 -0.004461862 0.044771358 0.001698734 0.998995781 0.504265904
0.998891652 0.003859285 -0.046910223 -0.018887702 -0.003933329 0.999991179 -0.001486188 -0.005162599 0.046904072 0.001669055 0.998897970 0.554060757
0.998803079 0.000975986 -0.048903015 -0.021078801 -0.001075602 0.999997497 -0.002010735 -0.005516242 0.048900925 0.002060929 0.998801589 0.604798079
0.998681426 0.000622963 -0.051330648 -0.023340078 -0.000683318 0.999999106 -0.001158260 -0.005975194 0.051329881 0.001191808 0.998681009 0.656164646
0.998613715 -0.001015674 -0.052626636 -0.026429283 0.000944377 0.999998629 -0.001379632 -0.006498881 0.052627966 0.001328020 0.998613298 0.708032608
0.998502195 0.001003554 -0.054700974 -0.029296525 -0.001160011 0.999995351 -0.002828545 -0.007767423 0.054697879 0.002887762 0.998498738 0.759528100
0.998440564 0.001809708 -0.055794343 -0.033005554 -0.002184165 0.999975502 -0.006651130 -0.007402595 0.055780936 0.006762621 0.998420119 0.812897265
0.998324573 0.005578274 -0.057591561 -0.036316708 -0.006054956 0.999948800 -0.008105764 -0.008252273 0.057543401 0.008440899 0.998307288 0.865926683
0.998249412 0.006412799 -0.058796253 -0.039689284 -0.006901880 0.999943197 -0.008118938 -0.008689906 0.058740851 0.008510529 0.998236954 0.919061005
0.998164475 0.005610974 -0.060301036 -0.042868748 -0.005990116 0.999963403 -0.006108567 -0.010061549 0.060264550 0.006458565 0.998161495 0.973597109
0.998039067 0.006605861 -0.062245768 -0.045925353 -0.006932956 0.999963284 -0.005040361 -0.010386335 0.062210184 0.005462024 0.998048007 1.027521133
0.998038113 0.006045353 -0.062316932 -0.050254144 -0.006331202 0.999970317 -0.004390595 -0.011757471 0.062288545 0.004776522 0.998046696 1.082356215
0.997895718 0.005821824 -0.064577624 -0.053436644 -0.006165226 0.999967873 -0.005119646 -0.012501778 0.064545751 0.005507009 0.997899532 1.136387467
0.997871220 0.004153145 -0.065081947 -0.057520114 -0.004555151 0.999971449 -0.006029749 -0.013143006 0.065055050 0.006313371 0.997861683 1.191784382
0.997828603 0.003949408 -0.065744303 -0.061107218 -0.004233744 0.999982297 -0.004186143 -0.013871720 0.065726601 0.004455399 0.997827649 1.246992469
0.997812331 0.005665303 -0.065866955 -0.064978674 -0.005774497 0.999982297 -0.001467539 -0.014355769 0.065857492 0.001844677 0.997827232 1.302333832
0.997874677 0.006184359 -0.064867213 -0.068931945 -0.006008258 0.999977708 0.002909528 -0.015211336 0.064883754 -0.002513606 0.997889578 1.357229352
0.997985482 0.005343571 -0.063216530 -0.072452307 -0.004998967 0.999971807 0.005608100 -0.015374606 0.063244708 -0.005280785 0.997984052 1.412364483
0.998077571 0.005492361 -0.061732832 -0.076067567 -0.005099726 0.999965727 0.006516014 -0.015770301 0.061766498 -0.006188666 0.998071373 1.469097614
0.998170078 0.005878213 -0.060182545 -0.079790182 -0.005646601 0.999975920 0.004017844 -0.016457446 0.060204715 -0.003670664 0.998179197 1.524825573
0.998205960 0.006756187 -0.059491657 -0.083039157 -0.006846794 0.999975681 -0.001319305 -0.016310994 0.059481286 0.001724265 0.998228014 1.581672311
0.998294175 0.005959438 -0.058079448 -0.086761750 -0.006208065 0.999972343 -0.004101293 -0.016983520 0.058053393 0.004454858 0.998303533 1.638417482
0.998344421 0.003308702 -0.057422668 -0.089889400 -0.003497097 0.999988794 -0.003180660 -0.017482471 0.057411499 0.003376208 0.998344898 1.695788980
0.998326242 0.001866166 -0.057803322 -0.093018912 -0.001757544 0.999996603 0.001929938 -0.018264728 0.057806730 -0.001825116 0.998326182 1.753597736
0.998300910 -0.002138630 -0.058230642 -0.096547142 0.002446735 0.999983370 0.005220312 -0.018693753 0.058218520 -0.005353917 0.998289406 1.810742855
0.998171985 -0.008985656 -0.059764307 -0.099120736 0.009267687 0.999947309 0.004443518 -0.019199990 0.059721231 -0.004989273 0.998202562 1.869036436
0.998083711 -0.010885959 -0.060913306 -0.102747135 0.010949636 0.999939740 0.000711672 -0.019826723 0.060901880 -0.001377287 0.998142779 1.926389694
0.997984052 -0.010990731 -0.062507577 -0.106343724 0.010797545 0.999935746 -0.003427572 -0.020009186 0.062541246 0.002745733 0.998038590 1.984900355
0.997866809 -0.010035438 -0.064506665 -0.110330306 0.009778272 0.999942839 -0.004301145 -0.020474482 0.064546145 0.003661206 0.997907996 2.043184042
0.997806668 -0.009721672 -0.065477408 -0.114466481 0.009570834 0.999950707 -0.002616966 -0.021562565 0.065499619 0.001984553 0.997850597 2.102306366
0.997762859 -0.006781746 -0.066507995 -0.118876874 0.006822689 0.999976516 0.000388477 -0.022390570 0.066503815 -0.000841371 0.997785807 2.161053419
0.997654140 -0.006923308 -0.068103157 -0.122884750 0.007048195 0.999973893 0.001593663 -0.023030300 0.068090335 -0.002069929 0.997676969 2.220673323
0.997582555 -0.005991146 -0.069230989 -0.126984328 0.006293235 0.999971628 0.004146193 -0.023255248 0.069204174 -0.004571856 0.997591972 2.279582739
0.997594893 -0.005520596 -0.069093965 -0.131297126 0.006026820 0.999956429 0.007120270 -0.024077771 0.069051661 -0.007519562 0.997584701 2.339347601
0.997627139 0.000739381 -0.068844341 -0.136862338 -0.000107783 0.999957860 0.009177535 -0.024026539 0.068848215 -0.009148337 0.997585237 2.398263693
0.997569680 0.000540311 -0.069673881 -0.140314043 0.000074538 0.999961078 0.008821757 -0.024574986 0.069675960 -0.008805509 0.997530758 2.457213163
0.997566819 0.000177078 -0.069716580 -0.144169241 0.000325835 0.999974072 0.007202230 -0.024606191 0.069716051 -0.007207422 0.997540772 2.515605450
0.997573674 0.002535929 -0.069571413 -0.149030671 -0.002208753 0.999986053 0.004779248 -0.024898892 0.069582574 -0.004613987 0.997565508 2.574504614
0.997442067 0.001780229 -0.071457088 -0.152587652 -0.001406831 0.999984980 0.005275482 -0.025677526 0.071465433 -0.005161460 0.997429729 2.633377075
0.997412980 0.000372433 -0.071883217 -0.157090187 0.000055492 0.999982297 0.005950969 -0.025869278 0.071884155 -0.005939563 0.997395277 2.690827847
0.997360885 0.001229253 -0.072592571 -0.161783472 -0.000722585 0.999975204 0.007005454 -0.026193012 0.072599374 -0.006934511 0.997337043 2.749101639
0.997305870 0.002921610 -0.073296227 -0.165704831 -0.002643693 0.999988854 0.003888433 -0.027321294 0.073306777 -0.003684184 0.997302532 2.805928230
0.997221410 0.003081678 -0.074430630 -0.169869557 -0.003114773 0.999994993 -0.000328565 -0.027556283 0.074429236 0.000559486 0.997226000 2.864034653
0.997181237 0.004556886 -0.074891329 -0.174383208 -0.004717707 0.999986887 -0.001970634 -0.027933758 0.074881375 0.002318395 0.997189701 2.920467377
0.997180402 0.003132139 -0.074976176 -0.178592891 -0.002997831 0.999993682 0.001903807 -0.029127868 0.074981660 -0.001673672 0.997183502 2.977777958
0.997186661 0.001629892 -0.074940957 -0.183243722 -0.001254959 0.999986470 0.005049856 -0.029702161 0.074948192 -0.004941601 0.997175157 3.034507751
0.997154236 -0.000772395 -0.075385466 -0.187611654 0.001203167 0.999983191 0.005669009 -0.030229189 0.075379826 -0.005743577 0.997138321 3.091668844
0.997128963 -0.003183903 -0.075654164 -0.191295683 0.003525924 0.999984145 0.004387715 -0.030912008 0.075638987 -0.004641869 0.997124434 3.146990299
0.997123837 -0.005918031 -0.075557426 -0.196156442 0.006167797 0.999976277 0.003072730 -0.031218383 0.075537443 -0.003529916 0.997136652 3.203266144
0.996972561 -0.007384413 -0.077400915 -0.199642733 0.007721539 0.999961972 0.004057214 -0.031868696 0.077368021 -0.004642586 0.996991813 3.259566545
0.996914029 -0.011254863 -0.077689268 -0.204309762 0.011925147 0.999895513 0.008169187 -0.031935006 0.077589221 -0.009070436 0.996944070 3.315469980
0.996873081 -0.010673528 -0.078296289 -0.208408892 0.011697317 0.999851763 0.012628862 -0.031972688 0.078149885 -0.013505228 0.996850133 3.370508432
0.996818006 -0.010335539 -0.079040222 -0.213305205 0.011589385 0.999813914 0.015421119 -0.032265868 0.078866124 -0.016288076 0.996752083 3.427515745
0.996714473 -0.009548265 -0.080431446 -0.218018681 0.010522593 0.999876142 0.011698632 -0.032808620 0.080309801 -0.012506541 0.996691346 3.482099056
0.996624470 -0.007978816 -0.081706189 -0.222978890 0.008325126 0.999957740 0.003898677 -0.033044986 0.081671633 -0.004565733 0.996648788 3.536962509
0.996554971 -0.006372510 -0.082688481 -0.227535367 0.006320310 0.999979556 -0.000893042 -0.033433225 0.082692482 0.000367349 0.996574998 3.590708017
0.996508420 -0.001087907 -0.083484970 -0.232541651 0.001041763 0.999999225 -0.000596302 -0.033480421 0.083485559 0.000507248 0.996508896 3.643554449
0.996425986 0.001037983 -0.084462672 -0.237371415 -0.000848939 0.999997079 0.002274081 -0.034902409 0.084464781 -0.002194249 0.996423900 3.696015596
0.996328712 0.003860200 -0.085522644 -0.242159739 -0.003543083 0.999986351 0.003859472 -0.035812341 0.085536361 -0.003542288 0.996328652 3.747545004
0.996248960 0.004538768 -0.086413868 -0.247296691 -0.004245005 0.999984622 0.003582934 -0.036313143 0.086428799 -0.003202667 0.996252835 3.798336983
0.996106029 0.006354479 -0.087933376 -0.251924902 -0.005998335 0.999972761 0.004313807 -0.036870010 0.087958388 -0.003769555 0.996116936 3.848270178
0.995988667 0.007155616 -0.089192554 -0.256876171 -0.006741587 0.999965012 0.004942355 -0.037563019 0.089224808 -0.004321231 0.996002018 3.897610188
0.995875716 0.006756778 -0.090476222 -0.261522472 -0.006291956 0.999965489 0.005421758 -0.038130105 0.090509735 -0.004830125 0.995883763 3.945943117
0.995749354 0.006751119 -0.091856003 -0.266036808 -0.006166116 0.999958932 0.006651005 -0.038785033 0.091897137 -0.006056340 0.995750070 3.993669033
0.995618820 0.009804765 -0.092988931 -0.270995766 -0.008994225 0.999917805 0.009131621 -0.039041739 0.093070835 -0.008255251 0.995625257 4.040762901
0.995461106 0.011006857 -0.094530247 -0.275350511 -0.009766192 0.999860168 0.013577175 -0.039531440 0.094666466 -0.012592350 0.995429456 4.087241173
0.995276213 0.014439269 -0.096003644 -0.280447125 -0.013027431 0.999797821 0.015316687 -0.039813302 0.096205398 -0.013993653 0.995263100 4.133090973
0.995103121 0.017289549 -0.097317651 -0.285072327 -0.016265387 0.999803782 0.011307465 -0.040430538 0.097494051 -0.009669185 0.995189011 4.176520348
0.994972348 0.017460288 -0.098616347 -0.289403051 -0.017145498 0.999844849 0.004038717 -0.041032664 0.098671570 -0.002327583 0.995117247 4.218727112
0.994844735 0.016177196 -0.100110523 -0.293926537 -0.016454022 0.999862671 -0.001940076 -0.041131362 0.100065388 0.003577296 0.994974375 4.261020184
0.994768798 0.016898353 -0.100743964 -0.297845185 -0.017294258 0.999845803 -0.003057693 -0.041371636 0.100676753 0.004783990 0.994907558 4.301691532
0.994699240 0.019586675 -0.100944400 -0.303368121 -0.019688493 0.999806285 -0.000012361 -0.041702144 0.100924596 0.001999739 0.994892001 4.341422081
0.994560659 0.019942632 -0.102232389 -0.307230562 -0.019788649 0.999801099 0.002520334 -0.042767555 0.102262311 -0.000483585 0.994757295 4.379538536
0.994501054 0.016649708 -0.103393562 -0.311166883 -0.016823387 0.999858141 -0.000807899 -0.043473750 0.103365444 0.002542887 0.994640172 4.416927338
0.994624019 0.008437056 -0.103207186 -0.314373285 -0.009065640 0.999943078 -0.005622942 -0.044457763 0.103153855 0.006528352 0.994643986 4.452944756
0.994739056 0.004456304 -0.102343552 -0.317687571 -0.005614768 0.999923348 -0.011034077 -0.044682864 0.102286533 0.011550665 0.994687855 4.487856388
0.995044827 0.006730901 -0.099198520 -0.321048051 -0.007956713 0.999896765 -0.011966719 -0.044781480 0.099107735 0.012696717 0.994995654 4.522363186
0.995399237 0.011897611 -0.095071778 -0.325012475 -0.012730195 0.999885619 -0.008155697 -0.046251137 0.094963886 0.009328455 0.995436966 4.555375576
0.995847881 0.010306021 -0.090446927 -0.327740431 -0.010820340 0.999927998 -0.005197913 -0.046762638 0.090386830 0.006154996 0.995887637 4.587755203
0.996356010 0.006737745 -0.085025020 -0.329708099 -0.006839529 0.999976218 -0.000905889 -0.047579497 0.085016914 0.001484119 0.996378303 4.620157242
0.997052610 0.001992062 -0.076695055 -0.331513017 -0.001798811 0.999994993 0.002588736 -0.048478134 0.076699845 -0.002443146 0.997051120 4.651470661
0.997802198 0.005845757 -0.066004016 -0.333525419 -0.005711277 0.999981225 0.002225928 -0.048747055 0.066015802 -0.001844069 0.997816801 4.681464195
0.998656452 0.011112452 -0.050615236 -0.335306525 -0.011026796 0.999937296 0.001971232 -0.049488403 0.050633952 -0.001410460 0.998716235 4.710881233
0.999338210 0.016099306 -0.032616150 -0.336144269 -0.016031891 0.999868691 0.002327401 -0.049612723 0.032649342 -0.001802962 0.999465287 4.739529133
0.999839485 0.014836114 -0.010041755 -0.335963517 -0.014808698 0.999886334 0.002799078 -0.049926281 0.010082144 -0.002649923 0.999945581 4.767734051
0.999811888 0.011115368 0.015902385 -0.334036320 -0.011174625 0.999930918 0.003642166 -0.050215889 -0.015860802 -0.003819184 0.999867022 4.794673443
0.998913109 0.010081099 0.045508601 -0.331514716 -0.010323376 0.999933779 0.005091846 -0.050672285 -0.045454253 -0.005556113 0.998951018 4.821726799
0.996890306 0.009501867 0.078226388 -0.328178287 -0.010091664 0.999923527 0.007147731 -0.051478442 -0.078152515 -0.007914938 0.996909916 4.847005367
0.993187904 0.009930542 0.116098888 -0.323992014 -0.010855746 0.999914050 0.007339501 -0.051436819 -0.116016030 -0.008549843 0.993210495 4.872981548
0.987536848 0.009345455 0.157110199 -0.318376958 -0.010618103 0.999917150 0.007262953 -0.051916335 -0.157029301 -0.008840647 0.987554371 4.896847725
0.979254484 0.008796347 0.202443331 -0.311974943 -0.010545121 0.999915779 0.007561361 -0.052583899 -0.202359781 -0.009539286 0.979264855 4.920945644
0.967937052 0.011354266 0.250936121 -0.304213405 -0.013086066 0.999900579 0.005233794 -0.052743942 -0.250851750 -0.008349749 0.967989504 4.943846226
0.952555358 0.012293102 0.304117143 -0.295413256 -0.013782126 0.999901116 0.002750089 -0.053511433 -0.304053307 -0.006810992 0.952630639 4.966044903
0.933055103 0.012861595 0.359503239 -0.284805059 -0.013810656 0.999904633 0.000071588 -0.053456109 -0.359468102 -0.005031771 0.933143795 4.987436771
0.909075260 0.012935069 0.416430771 -0.273550868 -0.013841463 0.999903858 -0.000842616 -0.054381158 -0.416401654 -0.004998011 0.909166992 5.006869316
0.880118191 0.013111767 0.474573374 -0.260803699 -0.012946810 0.999909639 -0.003615582 -0.054381806 -0.474577934 -0.002962072 0.880208433 5.026350021
0.846893251 0.011840457 0.531630993 -0.246372938 -0.010585856 0.999929309 -0.005407004 -0.054959882 -0.531657517 -0.001048615 0.846958697 5.044615269
0.810113907 0.012194633 0.586145580 -0.231138945 -0.009926212 0.999925613 -0.007084184 -0.055319048 -0.586188376 -0.000079209 0.810174704 5.061572552
0.770592093 0.010184152 0.637247264 -0.214703560 -0.008359466 0.999947906 -0.005871946 -0.055951439 -0.637273788 -0.000802171 0.770637035 5.077373981
0.728179336 0.009901081 0.685315192 -0.197534323 -0.010770108 0.999937594 -0.003002842 -0.056940414 -0.685302079 -0.005194310 0.728240371 5.091930866
0.683497787 0.008893411 0.729898334 -0.179654598 -0.008884844 0.999953032 -0.003863855 -0.056643248 -0.729898512 -0.003844097 0.683544695 5.105128288
0.637346566 0.007349112 0.770542204 -0.160413265 -0.005365857 0.999972582 -0.005099006 -0.057051517 -0.770558596 -0.000884784 0.637368619 5.117368698
0.590040207 0.004774327 0.807359695 -0.141109705 -0.000357370 0.999983847 -0.005652235 -0.057840623 -0.807373762 0.003046520 0.590032458 5.128627300
0.543662488 0.007189262 0.839273095 -0.121189833 -0.003002567 0.999973536 -0.006620835 -0.058471411 -0.839298546 0.001079525 0.543669641 5.138629436
0.496176481 0.009963390 0.868164480 -0.101065397 -0.006295648 0.999949098 -0.007877691 -0.058965176 -0.868198812 -0.001556933 0.496214092 5.148467541
0.450749725 0.012088281 0.892568469 -0.080594301 -0.006789244 0.999925792 -0.010113658 -0.059382357 -0.892624557 -0.001501137 0.450798392 5.156745911
0.408103377 0.009498127 0.912886322 -0.059382915 0.000143570 0.999945223 -0.010468114 -0.059871249 -0.912935674 0.004403136 0.408079594 5.163712978
0.369151473 0.001126054 0.929368556 -0.036564469 0.015409029 0.999854386 -0.007332028 -0.060461491 -0.929241478 0.017027298 0.369080365 5.169208527
0.333397776 -0.002058932 0.942783952 -0.015069246 0.019440541 0.999800146 -0.004691334 -0.060531333 -0.942585647 0.019892314 0.333371192 5.174678326
0.300001204 0.002479869 0.953935504 0.007262230 0.016364006 0.999836206 -0.007745476 -0.060909610 -0.953798354 0.017933862 0.299911439 5.180843353
0.269005865 0.009833435 0.963088214 0.030434728 0.005712065 0.999913990 -0.011804909 -0.061803926 -0.963121533 0.008676813 0.268926561 5.187213421
0.240525484 0.013838597 0.970544100 0.053823948 0.001444542 0.999892116 -0.014615052 -0.062827125 -0.970641613 0.004917286 0.240479618 5.192587852
0.214783028 0.015931776 0.976531804 0.078193903 0.002019440 0.999857545 -0.016756497 -0.063617542 -0.976659656 0.005571058 0.214720279 5.196921825
0.191503286 0.017336905 0.981338799 0.103055537 0.009848356 0.999759674 -0.019584198 -0.064081326 -0.981442511 0.013415013 0.191286519 5.200060844
0.171468690 0.023222988 0.984915733 0.128223121 0.016892456 0.999505758 -0.026507895 -0.064253934 -0.985044658 0.021182917 0.170991674 5.202778339
0.151765302 0.030291058 0.987952292 0.154690564 0.018468941 0.999269068 -0.033475161 -0.064154007 -0.988243997 0.023326801 0.151094899 5.205820084
0.134328946 0.030913342 0.990454614 0.182207644 0.016231159 0.999310553 -0.033391077 -0.065047011 -0.990803778 0.020561617 0.133734569 5.209221363
0.118737519 0.026661990 0.992567658 0.210664213 0.014415805 0.999487758 -0.028572390 -0.066341802 -0.992820978 0.017701276 0.118292339 5.212411880
0.103920817 0.023613738 0.994305253 0.239887714 0.014502043 0.999575853 -0.025254611 -0.067492016 -0.994479775 0.017043930 0.103534289 5.215240002
0.091025829 0.021016518 0.995626628 0.269705266 0.016714947 0.999604225 -0.022628650 -0.068624064 -0.995708168 0.018701645 0.090638511 5.216990948
0.079436779 0.020168483 0.996635795 0.300660521 0.020599050 0.999548614 -0.021869272 -0.069433846 -0.996627033 0.022266982 0.078985445 5.218592167
0.069317698 0.020738048 0.997379005 0.332618892 0.023808884 0.999464631 -0.022436133 -0.070395157 -0.997310460 0.025301704 0.068786852 5.220198631
0.061312977 0.021426316 0.997888446 0.365656108 0.025886217 0.999399185 -0.023049269 -0.071120188 -0.997782767 0.027244778 0.060721483 5.221847534
0.055955246 0.021937178 0.998192191 0.400183648 0.027592916 0.999342740 -0.023509229 -0.071960025 -0.998051882 0.028858500 0.055313163 5.223346710
0.050353639 0.022821831 0.998470664 0.435502321 0.028761832 0.999291062 -0.024291065 -0.073017508 -0.998317122 0.029940991 0.049661547 5.224893570
0.044377547 0.023376388 0.998741269 0.471515536 0.029449761 0.999261022 -0.024697108 -0.074169695 -0.998580635 0.030508688 0.043656338 5.226275444
0.040829021 0.023424966 0.998891532 0.508923769 0.032028038 0.999180675 -0.024740873 -0.075049698 -0.998652697 0.033002682 0.040045317 5.226838112
0.037026890 0.023572462 0.999036193 0.548060179 0.033144817 0.999142766 -0.024803413 -0.076182976 -0.998764336 0.034031276 0.036213845 5.228828430
0.033987492 0.022944042 0.999158800 0.587812066 0.034143370 0.999126256 -0.024104722 -0.077538535 -0.998838782 0.034933902 0.033174414 5.230112076
0.031543367 0.022153828 0.999256790 0.629158854 0.036135092 0.999075472 -0.023290481 -0.078633659 -0.998848915 0.036842898 0.030713677 5.231345177
0.031002948 0.021901090 0.999279320 0.671426117 0.040583543 0.998907983 -0.023152065 -0.079968393 -0.998695016 0.041272074 0.030080270 5.232036114
0.032195818 0.021156747 0.999257565 0.713044167 0.044284742 0.998763919 -0.022573138 -0.081419080 -0.998499930 0.044978622 0.031219104 5.233462334
0.034464534 0.021536248 0.999173820 0.759436071 0.045454167 0.998699486 -0.023093875 -0.082354009 -0.998371661 0.046212524 0.033440791 5.234584332
0.037993867 0.021681996 0.999042630 0.804674864 0.047911137 0.998575270 -0.023493923 -0.083588175 -0.998128712 0.048757892 0.036900915 5.236856937
0.042285144 0.020754499 0.998889923 0.851196170 0.048313770 0.998572111 -0.022793123 -0.085294835 -0.997936726 0.049223956 0.041222040 5.239100456
0.046698675 0.019337457 0.998721838 0.899285197 0.049897779 0.998519301 -0.021666674 -0.086257890 -0.997661948 0.050845802 0.045664623 5.240417004
0.050600406 0.017708179 0.998562038 0.947167277 0.049717665 0.998558462 -0.020227470 -0.087470360 -0.997480631 0.050669692 0.049647056 5.243073463
0.054736242 0.015777679 0.998376131 0.996684909 0.046715070 0.998739779 -0.018344590 -0.088788256 -0.997407377 0.047643322 0.053930208 5.245969772
0.058781374 0.015123996 0.998156250 1.046714067 0.045521390 0.998804390 -0.017814569 -0.089654259 -0.997232378 0.046484619 0.058022637 5.249315739
0.062409561 0.015564552 0.997929215 1.096937895 0.043134231 0.998902082 -0.018277301 -0.091654710 -0.997117996 0.044185594 0.061669674 5.253527641
0.065515719 0.019096348 0.997668743 1.147106647 0.040949456 0.998923123 -0.021809462 -0.093948841 -0.997010827 0.042282853 0.064663179 5.256929398
0.067011274 0.024925105 0.997440815 1.198387146 0.035008319 0.999013603 -0.027316380 -0.094995350 -0.997137845 0.036749244 0.066072568 5.260964394
0.066683747 0.027764656 0.997387826 1.249111295 0.032174978 0.999033034 -0.029961623 -0.096967161 -0.997255206 0.034088891 0.065725930 5.265013695
0.067303658 0.027749592 0.997346580 1.301357269 0.029774286 0.999112189 -0.029807962 -0.098476931 -0.997288108 0.031701468 0.066417672 5.268469810
0.067487024 0.025854681 0.997385204 1.352973700 0.026968487 0.999251723 -0.027727863 -0.100806847 -0.997355521 0.028769232 0.066739254 5.272326946
0.067028135 0.024490571 0.997450411 1.404315352 0.027967969 0.999259770 -0.026414424 -0.102913648 -0.997358978 0.029667173 0.066293545 5.275962353
0.067144714 0.023469687 0.997467160 1.455179214 0.025007270 0.999369681 -0.025197817 -0.105470851 -0.997429669 0.026635831 0.066515476 5.280032158
0.067254908 0.024041690 0.997446060 1.507528067 0.024083901 0.999379218 -0.025712192 -0.107182905 -0.997444987 0.025751667 0.066634148 5.284252167
0.067214958 0.024435882 0.997439206 1.558521628 0.021026867 0.999443233 -0.025901930 -0.109573394 -0.997516811 0.022714019 0.066663742 5.287932873
0.066102780 0.025954371 0.997475207 1.609734893 0.017963929 0.999468744 -0.027196713 -0.111261263 -0.997651100 0.019716352 0.065601416 5.291869640
0.062760912 0.025520969 0.997702181 1.661074400 0.014551884 0.999543428 -0.026483458 -0.113198228 -0.997922480 0.016180575 0.062360875 5.296173096
0.059530467 0.024448879 0.997927010 1.712278962 0.012536341 0.999602854 -0.025237778 -0.115189776 -0.998147666 0.014012773 0.059200328 5.298969269
0.055091131 0.022172159 0.998235106 1.763757110 0.010819528 0.999681354 -0.022801397 -0.116976961 -0.998422623 0.012056589 0.054833688 5.301724434
0.048397992 0.019972689 0.998628438 1.814674377 0.008333711 0.999757171 -0.020399155 -0.118972830 -0.998793244 0.009309557 0.048219785 5.304650784
0.041446686 0.020202763 0.998936534 1.864141107 0.008081470 0.999756098 -0.020554649 -0.120890439 -0.999107897 0.008924795 0.041273303 5.305908203
0.032404900 0.021185674 0.999250352 1.915490508 0.008071855 0.999737144 -0.021457765 -0.122378148 -0.999442101 0.008761139 0.032225382 5.308499813
0.022262245 0.021729618 0.999516010 1.965959668 0.008314826 0.999725163 -0.021919364 -0.123948559 -0.999717355 0.008798775 0.022075450 5.309670448
0.011952710 0.020685524 0.999714494 2.015690088 0.009594868 0.999737501 -0.020800717 -0.125593826 -0.999882519 0.009840752 0.011751100 5.310226440
0.001718329 0.019965217 0.999799132 2.066362143 0.009085104 0.999759078 -0.019980030 -0.127327025 -0.999957204 0.009117612 0.001536530 5.310104370
-0.009985209 0.018897610 0.999771416 2.115708590 0.010291891 0.999770403 -0.018794794 -0.129104108 -0.999897122 0.010101870 -0.010177406 5.309437752
-0.021562545 0.019139910 0.999584198 2.164772272 0.010391620 0.999767065 -0.018919241 -0.130597755 -0.999713421 0.009979352 -0.021756414 5.309232712
-0.032003827 0.020019736 0.999287248 2.213769913 0.010509865 0.999750793 -0.019692428 -0.132188678 -0.999432445 0.009872144 -0.032206267 5.306811333
-0.042515852 0.020695033 0.998881459 2.262830257 0.010694332 0.999737501 -0.020257587 -0.134185195 -0.999038517 0.009821102 -0.042726021 5.304820061
-0.053047586 0.022071255 0.998348057 2.310562372 0.010465732 0.999713123 -0.021545330 -0.135410786 -0.998537123 0.009305513 -0.053263359 5.302229881
-0.062253900 0.023445150 0.997784972 2.358871222 0.011817695 0.999671400 -0.022752142 -0.136664584 -0.997990429 0.010375109 -0.062510505 5.298665524
-0.072376363 0.023548888 0.997099340 2.406745672 0.012440861 0.999664903 -0.022706429 -0.138699248 -0.997299790 0.010761366 -0.072645046 5.296201229
-0.082140610 0.024003966 0.996331632 2.453813791 0.013332894 0.999646962 -0.022984633 -0.140044644 -0.996531546 0.011396013 -0.082431637 5.293132305
-0.090217903 0.023177829 0.995652258 2.499330282 0.014575718 0.999652743 -0.021950223 -0.142391026 -0.995815337 0.012532042 -0.090524413 5.287580013
-0.097489968 0.022051241 0.994992197 2.545191288 0.015840102 0.999662220 -0.020602718 -0.143872201 -0.995110452 0.013752218 -0.097806342 5.282814026
-0.102832496 0.020543115 0.994486511 2.590824366 0.018982202 0.999645233 -0.018686868 -0.145590082 -0.994517565 0.016955929 -0.103185967 5.277943611
-0.106566608 0.019300319 0.994118214 2.634856939 0.021903142 0.999614596 -0.017059073 -0.146899998 -0.994064331 0.019956386 -0.106948279 5.272864342
-0.109245211 0.017905889 0.993853569 2.679335117 0.023549452 0.999603748 -0.015420917 -0.148548916 -0.993735850 0.021720044 -0.109623574 5.267905235
-0.111127943 0.016707880 0.993665695 2.722204924 0.023509700 0.999623060 -0.014178816 -0.150047183 -0.993528068 0.021785114 -0.111478843 5.263477325
-0.111789435 0.017415432 0.993579328 2.763709068 0.024095405 0.999599993 -0.014809946 -0.151226521 -0.993439794 0.022285104 -0.112164333 5.258830070
-0.111085534 0.018560268 0.993637562 2.804887295 0.025715876 0.999544501 -0.015795654 -0.152340889 -0.993478119 0.023797592 -0.111512214 5.254813671
-0.107869767 0.020036720 0.993963122 2.843779325 0.025719916 0.999518514 -0.017357459 -0.153780699 -0.993832290 0.023692297 -0.108333156 5.249839306
-0.102862410 0.020483466 0.994484663 2.881580353 0.025693249 0.999509096 -0.017929429 -0.155234352 -0.994363785 0.023707271 -0.103338212 5.246359348
-0.094762206 0.021384336 0.995270252 2.918117046 0.025206190 0.999500275 -0.019075276 -0.156422034 -0.995180726 0.023279354 -0.095253870 5.242933273
-0.083712630 0.021506369 0.996257901 2.953557968 0.024343049 0.999512792 -0.019531159 -0.157706797 -0.996192515 0.022616945 -0.084195375 5.240548134
-0.069726646 0.021523202 0.997333884 2.988458633 0.023444759 0.999526381 -0.019931424 -0.159242883 -0.997290552 0.021992499 -0.070198223 5.238473415
-0.052997306 0.022717703 0.998336136 3.021551132 0.022266660 0.999519408 -0.021562593 -0.160749897 -0.998346329 0.021086851 -0.053477697 5.238035679
-0.031372152 0.025151640 0.999191225 3.054622173 0.020740110 0.999484539 -0.024507836 -0.162187830 -0.999292433 0.019954471 -0.031877629 5.237504959
-0.006645547 0.028111318 0.999582708 3.086986542 0.019098148 0.999426007 -0.027979948 -0.163699299 -0.999795556 0.018904235 -0.007178612 5.238426685
0.021808324 0.030329786 0.999301970 3.119007587 0.017196087 0.999380469 -0.030707449 -0.164441228 -0.999614239 0.017853757 0.021273267 5.240039349
0.055052295 0.029954758 0.998034060 3.151140213 0.014899787 0.999413967 -0.030818062 -0.165700346 -0.998372376 0.016567096 0.054573707 5.242740154
0.093308762 0.027675923 0.995252490 3.183000803 0.014421415 0.999471128 -0.029145308 -0.166866317 -0.995532632 0.017072458 0.092860304 5.246927738
0.135405451 0.023067776 0.990521729 3.214212418 0.011076364 0.999631166 -0.024794076 -0.169176251 -0.990728259 0.014328633 0.135100007 5.252777576
0.181289345 0.019397484 0.983238578 3.242708683 0.009464000 0.999724686 -0.021467697 -0.169745624 -0.983384192 0.013197236 0.181055874 5.258913994
0.229786173 0.015965095 0.973110199 3.272356033 0.005136617 0.999831557 -0.017616430 -0.171007901 -0.973227501 0.009046508 0.229665473 5.267605782
0.281292796 0.014492031 0.959512532 3.301297665 0.001285083 0.999879360 -0.015478453 -0.172054410 -0.959621131 0.005587030 0.281240165 5.278072834
0.336618066 0.014389559 0.941531301 3.329094648 0.000446731 0.999880672 -0.015441038 -0.172671407 -0.941641212 0.005618342 0.336571455 5.289619446
0.393607259 0.015143711 0.919153988 3.355841637 0.002876015 0.999839127 -0.017704651 -0.173447222 -0.919274151 0.009612178 0.393500358 5.303321838
0.453533083 0.018710241 0.891043007 3.381263733 0.003453146 0.999735117 -0.022750193 -0.174180031 -0.891232789 0.013394865 0.453348398 5.318363667
0.513059378 0.022221444 0.858065367 3.405457020 0.004708949 0.999576867 -0.028701784 -0.175039262 -0.858340204 0.018766308 0.512737572 5.335135937
0.571037471 0.026796158 0.820486486 3.428108692 0.000312188 0.999459982 -0.032858502 -0.175778449 -0.820923865 0.019019580 0.570720732 5.353619576
0.626072645 0.030100167 0.779183388 3.448828220 -0.003744299 0.999359190 -0.035597105 -0.176343530 -0.779755592 0.019368881 0.625784278 5.374195099
0.678631544 0.030775910 0.733833790 3.468121052 -0.005359695 0.999302566 -0.036952768 -0.177604407 -0.734459281 0.021144183 0.678323209 5.395219803
0.727351129 0.028310686 0.685681283 3.486396313 -0.005366757 0.999352813 -0.035568774 -0.178859100 -0.686244488 0.022191098 0.727032304 5.417763233
0.771954954 0.023951892 0.635225773 3.502624512 -0.006397655 0.999532044 -0.029913735 -0.180043444 -0.635645032 0.019028105 0.771746993 5.442065239
0.813096225 0.018998543 0.581819296 3.517722845 -0.007106906 0.999716759 -0.022712488 -0.181027949 -0.582086086 0.014332499 0.813000858 5.467230797
0.849502921 0.017273134 0.527300954 3.531174898 -0.009798820 0.999808013 -0.016965061 -0.181280464 -0.527492881 0.009244937 0.849509239 5.493785381
0.880317867 0.013259068 0.474198788 3.542720079 -0.009919506 0.999905288 -0.009543453 -0.182110235 -0.474280447 0.003697457 0.880365968 5.520874977
0.905826092 0.013783860 0.423425287 3.553490162 -0.013383094 0.999902785 -0.003919849 -0.183028057 -0.423438042 -0.002116037 0.905922472 5.549390793
0.925778210 0.015265157 0.377758443 3.561800480 -0.016494000 0.999863923 0.000017758 -0.183873668 -0.377706856 -0.006247188 0.925904095 5.576682091
0.940964699 0.021204023 0.337839574 3.569659710 -0.023451002 0.999721706 0.002570579 -0.184233725 -0.337691039 -0.010341499 0.941200137 5.606044769
0.952648461 0.025272267 0.303021878 3.577057838 -0.027146216 0.999629498 0.001973105 -0.184597254 -0.302859724 -0.010105571 0.952981591 5.636787415
0.961976349 0.027204344 0.271774292 3.584060669 -0.028844478 0.999581814 0.002041172 -0.184476256 -0.271605223 -0.009802748 0.962358713 5.666101933
0.968069673 0.021927482 0.249720529 3.591625214 -0.023113444 0.999731123 0.001817371 -0.184537768 -0.249613553 -0.007531242 0.968316197 5.696743965
0.971920073 0.018762082 0.234562412 3.598751307 -0.019884512 0.999799311 0.002420841 -0.184783578 -0.234469950 -0.007017023 0.972097993 5.729531288
0.974885941 0.022802252 0.221534044 3.604791641 -0.023873357 0.999712646 0.002158132 -0.185057193 -0.221421152 -0.007392693 0.975150168 5.760641098
0.976872802 0.027972972 0.211983427 3.610764265 -0.029211059 0.999569535 0.002710380 -0.184983611 -0.211816370 -0.008839956 0.977269471 5.793482780
0.977924824 0.035471983 0.205923930 3.616774559 -0.036515597 0.999332249 0.001268501 -0.184961259 -0.205741450 -0.008759934 0.978567123 5.826912403
0.978222668 0.041759349 0.203313857 3.623082638 -0.042182527 0.999107361 -0.002253509 -0.185241088 -0.203226492 -0.006371858 0.979110956 5.862530708
0.978392720 0.043085862 0.202215627 3.629989862 -0.043026634 0.999062955 -0.004690661 -0.186123565 -0.202228263 -0.004111352 0.979329705 5.896273613
0.977944136 0.041337337 0.204735056 3.637504578 -0.040505648 0.999145210 -0.008253305 -0.186571762 -0.204901233 -0.000221653 0.978782594 5.931963921
0.977075934 0.040111843 0.209077463 3.645711899 -0.037861023 0.999173999 -0.014758185 -0.187002495 -0.209496722 0.006503982 0.977787673 5.969399929
0.976278245 0.040067729 0.212779850 3.653694868 -0.036642943 0.999127865 -0.020016361 -0.186956212 -0.213396326 0.011744661 0.976895094 6.005276203
0.974794865 0.046158597 0.218275905 3.661057472 -0.043147337 0.998896480 -0.018544719 -0.188983083 -0.218891084 0.008659273 0.975710928 6.045359135
0.973655760 0.048320301 0.222843960 3.669898033 -0.046081677 0.998821378 -0.015237804 -0.188941300 -0.223317578 0.004567351 0.974734962 6.081845284
0.972605467 0.044797543 0.228104606 3.679442644 -0.043345470 0.998995304 -0.011374117 -0.189352050 -0.228385001 0.001175226 0.973570049 6.123394012
0.971906006 0.041119661 0.231749341 3.688988686 -0.041026179 0.999144316 -0.005224993 -0.190521494 -0.231765911 -0.004429586 0.972761512 6.162206173
0.971183360 0.038424227 0.235215366 3.700020313 -0.039325509 0.999226093 -0.000859655 -0.191086859 -0.235066354 -0.008415081 0.971942902 6.204812527
0.970634520 0.033614453 0.238199040 3.709799528 -0.034636240 0.999399960 0.000104316 -0.191711381 -0.238052592 -0.008351572 0.971216321 6.244592190
0.970454216 0.030218335 0.239385486 3.720010757 -0.030379307 0.999533892 -0.003018219 -0.192297906 -0.239365101 -0.004343322 0.970919847 6.288448811
0.970798790 0.029783275 0.238039166 3.730875492 -0.028185563 0.999551535 -0.010113492 -0.192694098 -0.238233641 0.003108896 0.971203029 6.329033852
0.970912635 0.031976208 0.237288773 3.741511822 -0.028830539 0.999444425 -0.016715949 -0.193411097 -0.237691492 0.009388562 0.971295357 6.373641014
0.971506834 0.035076082 0.234401181 3.751167774 -0.031137930 0.999305189 -0.020481959 -0.194033936 -0.234956712 0.012599596 0.971924305 6.415585041
0.972160637 0.033808500 0.231863320 3.762197495 -0.030941412 0.999393225 -0.015992003 -0.194561929 -0.232263297 0.008372620 0.972616911 6.461605072
0.972539306 0.029833034 0.230818376 3.772826195 -0.028631905 0.999553382 -0.008552422 -0.195597559 -0.230970442 0.001708796 0.972959220 6.506695747
0.973111928 0.029927434 0.228379965 3.784161091 -0.030135291 0.999542475 -0.002577865 -0.196630165 -0.228352636 -0.004373746 0.973568678 6.555886269
0.973379433 0.033609036 0.226721808 3.793928146 -0.033725377 0.999425411 -0.003361558 -0.197451353 -0.226704508 -0.004374207 0.973953664 6.600474358
0.973620236 0.038949955 0.224825889 3.804282188 -0.038043305 0.999241114 -0.008365026 -0.197902247 -0.224981099 -0.000408761 0.974362910 6.650576115
0.974537373 0.040141687 0.220602334 3.814425230 -0.038145646 0.999183655 -0.013302450 -0.198768765 -0.220956206 0.004548716 0.975273073 6.696173191
0.975402355 0.039168201 0.216923937 3.825365543 -0.036534730 0.999202073 -0.016138772 -0.199784249 -0.217382967 0.007816538 0.976055086 6.747467041
0.976406038 0.036501359 0.212835878 3.835898876 -0.034185059 0.999309540 -0.014554249 -0.200778469 -0.213220194 0.006935047 0.976979494 6.795071602
0.977248371 0.033334516 0.209462389 3.847354174 -0.031359427 0.999426901 -0.012744363 -0.201716080 -0.209767133 0.005885786 0.977733612 6.848522663
0.977665842 0.031611096 0.207774416 3.857616901 -0.030240094 0.999494791 -0.009772227 -0.202862740 -0.207978383 0.003270854 0.978127897 6.897348404
0.977991641 0.028375993 0.206705511 3.869363308 -0.027369408 0.999595523 -0.007728221 -0.203244463 -0.206841186 0.001900729 0.978372633 6.952201366
0.978222907 0.023540625 0.206217751 3.879627466 -0.022739682 0.999721825 -0.006253599 -0.204371005 -0.206307620 0.001428088 0.978486061 7.000534534
0.978327751 0.023955479 0.205671564 3.891036749 -0.023481634 0.999712944 -0.004744800 -0.205151498 -0.205726206 -0.000187535 0.978609443 7.055679798
0.978129148 0.029665530 0.205872238 3.901164532 -0.028968943 0.999559879 -0.006397691 -0.206492752 -0.205971405 0.000293866 0.978557944 7.106032372
0.977894127 0.035032105 0.206145138 3.912452459 -0.033702336 0.999382317 -0.009959755 -0.206927508 -0.206366673 0.002792014 0.978470683 7.161246777
0.977364242 0.043840390 0.206971422 3.922374487 -0.042395938 0.999035656 -0.011411500 -0.207997411 -0.207272172 0.002378446 0.978280365 7.212517738
0.976373851 0.050064314 0.210208744 3.933580399 -0.048885148 0.998745918 -0.010805275 -0.209298581 -0.210486114 0.000273903 0.977596819 7.269444942
0.975590825 0.052677725 0.213184208 3.943682671 -0.052000031 0.998608410 -0.008788952 -0.210290790 -0.213350505 -0.002511163 0.976972461 7.319906235
0.974997818 0.053031132 0.215793729 3.955981970 -0.052157097 0.998591244 -0.009747190 -0.211435586 -0.216006637 -0.001751683 0.976390302 7.377423763
0.974701226 0.051301431 0.217544541 3.967091084 -0.049755640 0.998682261 -0.012580988 -0.212317184 -0.217903271 0.001438636 0.975969255 7.427711487
0.974749625 0.045323361 0.218652979 3.980433464 -0.043949492 0.998971522 -0.011145490 -0.213764578 -0.218933269 0.001254374 0.975738943 7.484108448
0.974989057 0.038784176 0.218842551 3.992486238 -0.036951713 0.999239504 -0.012461711 -0.215198904 -0.219159439 0.004063424 0.975680530 7.535381794
0.974696517 0.037785899 0.220315784 4.005157471 -0.035868611 0.999275863 -0.012697808 -0.216409922 -0.220636070 0.004474086 0.975345910 7.592261314
0.974282563 0.039860621 0.221776351 4.016744137 -0.038605176 0.999204576 -0.009994593 -0.217346221 -0.221998349 0.001175840 0.975046277 7.643590450
0.973896623 0.042196374 0.223035201 4.029291153 -0.042295571 0.999095678 -0.004334301 -0.218408495 -0.223016381 -0.005212241 0.974800706 7.701157570
0.973530769 0.045793872 0.223921016 4.041922569 -0.046933986 0.998897910 -0.000231002 -0.219721660 -0.223684788 -0.010284619 0.974607289 7.757421494
0.973290682 0.044889759 0.225144669 4.052274227 -0.044538163 0.998985529 -0.006643030 -0.220727682 -0.225214407 -0.003561933 0.974302649 7.804777145
0.973529696 0.040858112 0.224878937 4.065270901 -0.037076194 0.999091387 -0.021016693 -0.222289145 -0.225533292 0.012122719 0.974160016 7.859591007
0.973827779 0.038378417 0.224023178 4.077029705 -0.032522958 0.999027431 -0.029770739 -0.223665386 -0.224947900 0.021705678 0.974128962 7.909145832
0.974062502 0.035372727 0.223496854 4.089524269 -0.031591829 0.999291182 -0.020471174 -0.225253403 -0.224062592 0.012879528 0.974489629 7.965868473
0.974454880 0.029102134 0.222689986 4.102654457 -0.029834772 0.999554873 -0.000074305 -0.226305798 -0.222593039 -0.006571498 0.974889219 8.022712708
0.974767923 0.025802802 0.221724585 4.113842964 -0.029869676 0.999441087 0.015007864 -0.227467060 -0.221213475 -0.021252025 0.974993706 8.071019173
