0.999991119 -0.002631837 -0.003298165 -0.000072808 0.002625116 0.999994457 -0.002040453 -0.000393634 0.003303516 0.002031777 0.999992490 0.041303091
0.999972343 -0.001381548 -0.007304587 -0.000698239 0.001357235 0.999993503 -0.003332229 -0.000878119 0.007309143 0.003322223 0.999967694 0.083828457
0.999933541 -0.001445685 -0.011430074 -0.001397202 0.001391631 0.999987841 -0.004735580 -0.001085069 0.011436780 0.004719359 0.999923468 0.127329171
0.999868393 -0.000040342 -0.016223170 -0.002586094 -0.000050696 0.999984205 -0.005611190 -0.001230765 0.016223138 0.005611274 0.999852657 0.171953887
0.999792874 -0.000919853 -0.020332517 -0.003911297 0.000805992 0.999983966 -0.005607443 -0.001814895 0.020337353 0.005589894 0.999777555 0.217182502
0.999689341 0.000688825 -0.024915546 -0.005334848 -0.000857771 0.999976695 -0.006770696 -0.002482393 0.024910299 0.006789964 0.999666631 0.263029009
0.999552488 0.003633583 -0.029691014 -0.007460265 -0.003863609 0.999962926 -0.007693636 -0.002701525 0.029661955 0.007804906 0.999529481 0.309873402
0.999435186 0.004031091 -0.033363022 -0.009927264 -0.004223552 0.999974847 -0.005700236 -0.003576907 0.033339202 0.005837926 0.999427021 0.357918382
0.999246895 0.003000629 -0.038684558 -0.011138586 -0.003125571 0.999990106 -0.003169711 -0.003808162 0.038674664 0.003288236 0.999246359 0.406909704
0.999150097 0.003411842 -0.041079435 -0.014625352 -0.003439182 0.999993920 -0.000594881 -0.004222875 0.041077159 0.000735655 0.999155700 0.455697477
0.998998046 0.004356863 -0.044541810 -0.016320510 -0.004414898 0.999989510 -0.001204668 -0.004880274 0.044536088 0.001400108 0.999006748 0.505779266
0.998922706 0.003910543 -0.046240751 -0.019725572 -0.003967755 0.999991417 -0.001145557 -0.005620103 0.046235874 0.001327795 0.998929620 0.556036592
0.998808146 0.000844358 -0.048800636 -0.021067679 -0.000943899 0.999997437 -0.002016742 -0.005602076 0.048798807 0.002060401 0.998806417 0.606808007
0.998704255 0.000455075 -0.050889160 -0.023683276 -0.000535908 0.999998569 -0.001574786 -0.005615505 0.050888378 0.001600018 0.998703063 0.658052981
0.998657584 -0.001162039 -0.051784698 -0.027191218 0.001086681 0.999998331 -0.001483353 -0.006519958 0.051786326 0.001425088 0.998657167 0.709574401
0.998541296 0.001153057 -0.053982154 -0.030203037 -0.001305067 0.999995291 -0.002780756 -0.007946104 0.053978689 0.002847150 0.998538017 0.762276411
0.998483896 0.001282499 -0.055029385 -0.033572264 -0.001619401 0.999980211 -0.006078060 -0.007938690 0.055020504 0.006157959 0.998466253 0.814746857
0.998379409 0.004913670 -0.056695174 -0.037152208 -0.005294963 0.999964356 -0.006577056 -0.009472189 0.056660838 0.006866597 0.998369932 0.867969334
0.998297095 0.006242565 -0.057999749 -0.040377416 -0.006676146 0.999951124 -0.007284810 -0.009659175 0.057951450 0.007659620 0.998290002 0.921607256
0.998166800 0.005207221 -0.060296714 -0.042714212 -0.005599833 0.999964118 -0.006344189 -0.009986591 0.060261518 0.006670211 0.998160303 0.976395667
0.998152733 0.006089659 -0.060447764 -0.047715444 -0.006339450 0.999972165 -0.003941445 -0.011544347 0.060422074 0.004317370 0.998163581 1.029780149
0.998106956 0.005437044 -0.061261423 -0.051306434 -0.005614351 0.999980509 -0.002722516 -0.013173806 0.061245427 0.003061307 0.998117983 1.084593058
0.998003900 0.005399077 -0.062920161 -0.055054694 -0.005714552 0.999971986 -0.004835023 -0.012995230 0.062892273 0.005184932 0.998006880 1.138889909
0.997936726 0.004054583 -0.064076640 -0.058775466 -0.004421739 0.999974608 -0.005589183 -0.013712032 0.064052358 0.005860981 0.997929335 1.194462657
0.997892559 0.003831808 -0.064774781 -0.061884210 -0.004079632 0.999984860 -0.003694098 -0.014482248 0.064759642 0.003950570 0.997893095 1.249234200
0.997861743 0.005351141 -0.065140970 -0.065852702 -0.005409689 0.999985099 -0.000722453 -0.014924000 0.065136135 0.001073299 0.997875810 1.305320621
0.997940600 0.005985660 -0.063864946 -0.069806442 -0.005793908 0.999978125 0.003187242 -0.015486324 0.063882641 -0.002810651 0.997953415 1.360977411
0.998049617 0.004300563 -0.062277839 -0.072939828 -0.003919203 0.999972820 0.006244382 -0.015681949 0.062302995 -0.005988124 0.998039424 1.416953444
0.998152018 0.005482313 -0.060517900 -0.077048458 -0.005100217 0.999966085 0.006466450 -0.015871003 0.060551297 -0.006145845 0.998146176 1.474221706
0.998220205 0.005528418 -0.059379827 -0.080300853 -0.005286313 0.999977052 0.004233530 -0.016647719 0.059401873 -0.003912095 0.998226523 1.530757546
0.998273313 0.006366129 -0.058396287 -0.083972119 -0.006436982 0.999978781 -0.001025281 -0.016714457 0.058388535 0.001399406 0.998292983 1.588086486
0.998345315 0.005961077 -0.057193786 -0.087432280 -0.006200166 0.999972820 -0.004003813 -0.017015679 0.057168361 0.004351800 0.998355150 1.645099282
0.998420060 0.003042585 -0.056107890 -0.090942591 -0.003215767 0.999990284 -0.002996551 -0.017623292 0.056098234 0.003172247 0.998420179 1.703854084
0.998399377 0.002070572 -0.056519032 -0.094014987 -0.002018891 0.999997556 0.000971472 -0.017613422 0.056520905 -0.000855811 0.998401046 1.762253761
0.998360276 -0.001801041 -0.057214871 -0.097444460 0.002104694 0.999984026 0.005247423 -0.018891227 0.057204511 -0.005359238 0.998348057 1.820973396
0.998278439 -0.008586538 -0.058021016 -0.100597501 0.008832911 0.999953091 0.003991128 -0.018787261 0.057984021 -0.004496752 0.998307407 1.879960656
0.998142481 -0.011271165 -0.059870850 -0.103779748 0.011321095 0.999935746 0.000494788 -0.019560881 0.059861425 -0.001171672 0.998205960 1.939185143
0.998052657 -0.010802719 -0.061434552 -0.107560620 0.010614345 0.999937892 -0.003391807 -0.020201536 0.061467379 0.002733115 0.998105347 1.998788714
0.997912169 -0.009326732 -0.063907772 -0.111295760 0.009062570 0.999949276 -0.004422117 -0.020852476 0.063945763 0.003833716 0.997946024 2.058912754
0.997890174 -0.009963170 -0.064154699 -0.115809463 0.009801246 0.999947965 -0.002838186 -0.021323582 0.064179622 0.002203402 0.997936070 2.117250443
0.997857869 -0.006530996 -0.065091997 -0.120029196 0.006534201 0.999978721 -0.000163673 -0.022153584 0.065091684 -0.000262002 0.997879267 2.176530838
0.997750938 -0.007028449 -0.066660121 -0.124278575 0.007111782 0.999974251 0.001012862 -0.022525055 0.066651270 -0.001484656 0.997775197 2.236708641
0.997685969 -0.005677728 -0.067752920 -0.128220126 0.005961099 0.999974310 0.003980973 -0.023409586 0.067728594 -0.004375643 0.997694194 2.297526836
0.997665823 -0.005616758 -0.068053775 -0.132225692 0.006105732 0.999957025 0.006979243 -0.023672124 0.068011642 -0.007378470 0.997657239 2.357927322
0.997684419 -0.000032005 -0.068013631 -0.137421727 0.000683863 0.999953985 0.009560975 -0.024461733 0.068010196 -0.009585350 0.997638524 2.418276310
0.997652948 -0.000275856 -0.068473652 -0.141964376 0.000877597 0.999961317 0.008757994 -0.024478028 0.068468586 -0.008797530 0.997614503 2.478417158
0.997671843 -0.000121912 -0.068197116 -0.145916671 0.000598393 0.999975562 0.006966427 -0.024590375 0.068194620 -0.006991017 0.997647524 2.537530184
0.997711539 0.002553963 -0.067565985 -0.151094496 -0.002263730 0.999987900 0.004371768 -0.024673764 0.067576334 -0.004208813 0.997705221 2.597015381
0.997607708 0.002235710 -0.069092721 -0.154898793 -0.001909811 0.999986768 0.004782530 -0.025489625 0.069102511 -0.004639134 0.997598767 2.657028913
0.997496188 0.000422773 -0.070718609 -0.158269882 -0.000017030 0.999983490 0.005737942 -0.025968304 0.070719868 -0.005722370 0.997479856 2.715875864
0.997463763 0.000667582 -0.071172766 -0.163315758 -0.000149180 0.999973357 0.007288783 -0.026590643 0.071175754 -0.007259680 0.997437358 2.775714159
0.997437000 0.003441668 -0.071468003 -0.168109551 -0.003179985 0.999987781 0.003774997 -0.027301628 0.071480118 -0.003538054 0.997435749 2.834405184
0.997385323 0.003727240 -0.072169892 -0.172335967 -0.003779538 0.999992669 -0.000588103 -0.027748941 0.072167173 0.000859335 0.997392178 2.891770840
0.997315168 0.004876979 -0.073065251 -0.176549494 -0.005034640 0.999985397 -0.001973780 -0.027988270 0.073054545 0.002336339 0.997325182 2.950382233
0.997303545 0.003229437 -0.073315755 -0.180713132 -0.003109833 0.999993682 0.001745459 -0.029051635 0.073320925 -0.001512752 0.997307181 3.008014441
0.997322798 0.002314675 -0.073087938 -0.185418427 -0.001972336 0.999986768 0.004755774 -0.029608145 0.073097989 -0.004598888 0.997314155 3.066745281
0.997290254 -0.000153705 -0.073566675 -0.190000042 0.000602121 0.999981403 0.006073236 -0.030372724 0.073564366 -0.006101076 0.997271836 3.124586582
0.997301817 -0.003194837 -0.073340885 -0.193973109 0.003527906 0.999983966 0.004412290 -0.030800665 0.073325619 -0.004659124 0.997297168 3.181142569
0.997278929 -0.005991521 -0.073477417 -0.198618293 0.006232454 0.999975920 0.003050173 -0.031067707 0.073457368 -0.003499817 0.997292221 3.238434792
0.997143865 -0.007621991 -0.075139701 -0.202507883 0.007941155 0.999960601 0.003949769 -0.031555530 0.075106628 -0.004535183 0.997165263 3.295684576
0.997054696 -0.010770744 -0.075933322 -0.206600487 0.011414164 0.999902487 0.008044585 -0.031965487 0.075839274 -0.008887609 0.997080445 3.353004932
0.997055233 -0.010847047 -0.075915635 -0.210939080 0.011870607 0.999844372 0.013044627 -0.032105397 0.075762339 -0.013907379 0.997029006 3.408069134
0.996969640 -0.009770086 -0.077175736 -0.215628758 0.010990152 0.999820948 0.015400045 -0.032527603 0.077011451 -0.016201548 0.996898532 3.466546535
0.996885955 -0.008763194 -0.078368679 -0.220353037 0.009686789 0.999887943 0.011412881 -0.032765552 0.078259878 -0.012136481 0.996859074 3.521959305
0.996785760 -0.006978263 -0.079808615 -0.225175455 0.007295317 0.999966741 0.003681795 -0.033080518 0.079780266 -0.004252190 0.996803403 3.577834129
0.996735394 -0.005317702 -0.080563210 -0.230116993 0.005234802 0.999985576 -0.001240188 -0.033381391 0.080568649 0.000814406 0.996748745 3.632140636
0.996647120 -0.000399612 -0.081818655 -0.234117910 0.000388124 0.999999940 -0.000156301 -0.034514815 0.081818700 0.000124021 0.996647239 3.685095787
0.996590078 0.002363504 -0.082477711 -0.239936322 -0.002189311 0.999995172 0.002202380 -0.035116758 0.082482532 -0.002014301 0.996590495 3.740254402
0.996501803 0.005634518 -0.083381116 -0.244780183 -0.005376817 0.999980092 0.003314874 -0.035818994 0.083398134 -0.002854952 0.996512175 3.792173862
0.996401668 0.005600836 -0.084569894 -0.249683321 -0.005308904 0.999979138 0.003676462 -0.036738053 0.084588736 -0.003214260 0.996410787 3.843445539
0.996279955 0.007051209 -0.085886620 -0.254694581 -0.006700993 0.999967933 0.004365289 -0.037006676 0.085914649 -0.003773524 0.996295333 3.895172596
0.996196568 0.008180206 -0.086750038 -0.259343237 -0.007778989 0.999957383 0.004962029 -0.037659511 0.086786933 -0.004268329 0.996217728 3.945119143
0.996015370 0.007612721 -0.088855386 -0.263548255 -0.007166683 0.999960065 0.005337771 -0.038233407 0.088892475 -0.004679705 0.996030152 3.994203806
0.995905757 0.007254509 -0.090105951 -0.267956287 -0.006686858 0.999955893 0.006600092 -0.039005928 0.090149850 -0.005970544 0.995910287 4.042648792
0.995763540 0.009778793 -0.091428854 -0.272507966 -0.008973396 0.999917328 0.009215936 -0.038927689 0.091511413 -0.008356467 0.995768964 4.090177536
0.995615184 0.011855312 -0.092789419 -0.277437806 -0.010639850 0.999851167 0.013582914 -0.039790045 0.092936620 -0.012536091 0.995593131 4.138038635
0.995437622 0.015188004 -0.094198063 -0.282563061 -0.013811031 0.999788404 0.015252631 -0.039885506 0.094409764 -0.013882074 0.995436609 4.184435368
0.995266616 0.017795039 -0.095538780 -0.287217915 -0.016815294 0.999797523 0.011050330 -0.040426735 0.095716082 -0.009391514 0.995364368 4.228954792
0.995129406 0.017870139 -0.096944258 -0.291243196 -0.017574728 0.999837935 0.003900295 -0.041075781 0.096998252 -0.002177530 0.995282114 4.271439075
0.995000958 0.017098740 -0.098390654 -0.295702279 -0.017368857 0.999847293 -0.001889436 -0.041550022 0.098343320 0.003588922 0.995146096 4.314331532
0.994953513 0.017644066 -0.098773636 -0.300457835 -0.018044688 0.999832094 -0.003163973 -0.041775152 0.098701254 0.004930346 0.995104909 4.356113911
0.994830489 0.020264279 -0.099507608 -0.304841995 -0.020349411 0.999792874 0.000159483 -0.042101957 0.099490240 0.001866263 0.995036781 4.396202087
0.994661152 0.021189263 -0.100996204 -0.308681548 -0.021052552 0.999775469 0.002419374 -0.043254580 0.101024792 -0.000280230 0.994883895 4.434843063
0.994644344 0.017360905 -0.101889342 -0.313029528 -0.017525269 0.999846160 -0.000718107 -0.043971196 0.101861216 0.002499898 0.994795501 4.472787380
0.994772792 0.008963856 -0.101719238 -0.316142797 -0.009618470 0.999936104 -0.005946844 -0.044670038 0.101659432 0.006894141 0.994795382 4.509135723
0.994870901 0.005282194 -0.101015255 -0.318785787 -0.006464982 0.999914289 -0.011385206 -0.044674665 0.100946456 0.011979870 0.994819820 4.544848442
0.995192647 0.007701148 -0.097633660 -0.323352039 -0.008865116 0.999894619 -0.011493595 -0.045494933 0.097534858 0.012303877 0.995156050 4.579854488
0.995546997 0.012672395 -0.093411602 -0.326994538 -0.013457311 0.999879181 -0.007777642 -0.047090903 0.093301758 0.009000077 0.995597184 4.613247871
0.996048450 0.011110491 -0.088114172 -0.330393940 -0.011613367 0.999919057 -0.005196509 -0.047349442 0.088049293 0.006199276 0.996096909 4.646329403
0.996487260 0.007617067 -0.083396874 -0.331817865 -0.007723905 0.999969721 -0.000958504 -0.047997981 0.083387047 0.001599287 0.996515870 4.679173946
0.997143090 0.002830816 -0.075483300 -0.332980275 -0.002671025 0.999993920 0.002217782 -0.048507109 0.075489126 -0.002009828 0.997144520 4.710346699
0.997857988 0.006622031 -0.065081149 -0.334429592 -0.006547875 0.999977648 0.001352658 -0.048392344 0.065088637 -0.000923617 0.997879028 4.740932465
0.998692632 0.011910806 -0.049710199 -0.336707324 -0.011831934 0.999928236 0.001880627 -0.049818248 0.049729038 -0.001290000 0.998761892 4.771886349
0.999354064 0.017031964 -0.031642392 -0.337286085 -0.016980533 0.999854028 0.001893469 -0.049656801 0.031670019 -0.001354941 0.999497414 4.800951958
0.999837399 0.015520294 -0.009172361 -0.336846530 -0.015496722 0.999876440 0.002635446 -0.050225113 0.009212125 -0.002492876 0.999954462 4.829704285
0.999777973 0.012051212 0.017280359 -0.335733056 -0.012112474 0.999920726 0.003444898 -0.050586313 -0.017237475 -0.003653441 0.999844730 4.857238293
0.998830140 0.010894664 0.047112197 -0.333337367 -0.011143477 0.999925375 0.005021886 -0.051147398 -0.047053963 -0.005541005 0.998876929 4.884238720
0.996719658 0.010456481 0.080255061 -0.330195069 -0.011021500 0.999917448 0.006600542 -0.051653251 -0.080179431 -0.007463419 0.996752441 4.910996914
0.992987096 0.010336414 0.117769718 -0.325483441 -0.011238382 0.999912322 0.006997232 -0.052029487 -0.117687061 -0.008271703 0.993016303 4.937132835
0.987020135 0.010202006 0.160272509 -0.321005404 -0.011464599 0.999910057 0.006955043 -0.052497309 -0.160187125 -0.008702226 0.987048268 4.962183952
0.978916466 0.009999032 0.204015911 -0.313046634 -0.011627637 0.999909341 0.006785550 -0.052654557 -0.203929573 -0.009014710 0.978944004 4.986554146
0.967442334 0.012560598 0.252779663 -0.305590153 -0.014361482 0.999882936 0.005280403 -0.053453796 -0.252683759 -0.008738776 0.967509508 5.009515762
0.951919258 0.013296646 0.306060374 -0.296025634 -0.014338872 0.999896526 0.001157223 -0.053172268 -0.306013316 -0.005490145 0.952011406 5.033053398
0.932394803 0.013976553 0.361171126 -0.285420299 -0.014678106 0.999891877 -0.000800873 -0.053692650 -0.361143291 -0.004554580 0.932499230 5.053991795
0.908251047 0.014661854 0.418168545 -0.273699403 -0.014974949 0.999884605 -0.002532825 -0.054127730 -0.418157429 -0.003961612 0.908365965 5.074474812
0.879217803 0.014618529 0.476195753 -0.260738373 -0.014253425 0.999888778 -0.004378530 -0.054742470 -0.476206809 -0.002937740 0.879328430 5.093868256
0.845733941 0.013438309 0.533435524 -0.246314287 -0.011536104 0.999909639 -0.006899840 -0.054982819 -0.533480048 -0.000318339 0.845812559 5.112378120
0.809238255 0.013376879 0.587328136 -0.230198145 -0.010565027 0.999910414 -0.008216962 -0.055567313 -0.587385416 0.000444343 0.809307158 5.129549026
0.768853307 0.012003485 0.639312565 -0.214187622 -0.009484504 0.999927878 -0.007367956 -0.056094408 -0.639354825 -0.000398685 0.768911719 5.146058083
0.727305770 0.011403285 0.686218858 -0.196314812 -0.010749256 0.999928594 -0.005223513 -0.056693360 -0.686229408 -0.003577253 0.727376401 5.159946442
0.682745695 0.010365428 0.730582535 -0.177993298 -0.009527638 0.999940634 -0.005283262 -0.056908354 -0.730593979 -0.003353603 0.682803988 5.173097134
0.636261582 0.008988410 0.771421075 -0.158257008 -0.005745932 0.999959528 -0.006912089 -0.057285249 -0.771452069 -0.000034637 0.636287451 5.185889244
0.588514149 0.006633655 0.808459699 -0.139062881 -0.000987863 0.999971509 -0.007485956 -0.058106754 -0.808486342 0.003606943 0.588503897 5.197360039
0.542515218 0.008805681 0.839999795 -0.118465662 -0.003391645 0.999959946 -0.008292036 -0.058910429 -0.840039194 0.001649574 0.542523265 5.207299232
0.494393528 0.011629933 0.869160354 -0.098515511 -0.006809656 0.999931633 -0.009506284 -0.059465524 -0.869211435 -0.001218836 0.494439006 5.217453003
0.449190676 0.013963643 0.893326759 -0.077678204 -0.007637826 0.999901354 -0.011788996 -0.059981447 -0.893403232 -0.001527567 0.449252993 5.225564003
0.406413138 0.011449682 0.913617671 -0.056255102 -0.000381276 0.999923527 -0.012361683 -0.060317330 -0.913689315 0.004675610 0.406386435 5.232702255
0.367350757 0.003700620 0.930075109 -0.033505678 0.014755647 0.999843121 -0.009806237 -0.060708456 -0.929965377 0.017326193 0.367238522 5.238162994
0.331508189 -0.000007319 0.943452299 -0.011329055 0.018704418 0.999803483 -0.006564561 -0.061046503 -0.943266928 0.019822933 0.331443161 5.243902683
0.297551334 0.004095927 0.954696953 0.011098146 0.015967974 0.999829531 -0.009266313 -0.061646692 -0.954572260 0.018001782 0.297435194 5.250192642
0.267142475 0.011849932 0.963584304 0.034424782 0.005276310 0.999891400 -0.013759227 -0.062427744 -0.963642538 0.008759841 0.267050922 5.256289005
0.238856971 0.016064761 0.970921993 0.057905197 0.000847726 0.999859214 -0.016752105 -0.063402228 -0.971054435 0.004824432 0.238809705 5.261590958
0.213222206 0.017786661 0.976841807 0.082759023 0.002127018 0.999823451 -0.018669402 -0.064407028 -0.977001429 0.006058491 0.213146731 5.265711784
0.188943654 0.019515255 0.981794000 0.107890189 0.008775147 0.999728978 -0.021560509 -0.065144129 -0.981948674 0.012689108 0.188721210 5.269510269
0.169881001 0.025234057 0.985141456 0.134117126 0.016155822 0.999466360 -0.028386947 -0.065324582 -0.985332131 0.020738175 0.169382676 5.271731377
0.150150031 0.032128818 0.988141060 0.160441875 0.018667432 0.999201477 -0.035324998 -0.065150708 -0.988487005 0.023750108 0.149430379 5.274884224
0.132472187 0.032894120 0.990640759 0.188501358 0.016508967 0.999237299 -0.035387211 -0.066033892 -0.991049230 0.021042280 0.131828099 5.278485775
0.116571501 0.028792776 0.992764831 0.216976643 0.014037551 0.999432087 -0.030634446 -0.067464575 -0.993083119 0.017507091 0.116101131 5.281581879
0.102597587 0.025293915 0.994401395 0.246807694 0.014144644 0.999538481 -0.026883967 -0.068975285 -0.994622350 0.016823683 0.102192476 5.284095287
0.089282118 0.023070110 0.995739162 0.276783764 0.016757241 0.999555290 -0.024661053 -0.069753297 -0.995865405 0.018887630 0.088855833 5.286095619
0.077642687 0.021838034 0.996742010 0.308572590 0.020417841 0.999515533 -0.023489278 -0.071221970 -0.996772170 0.022175090 0.077159181 5.287961960
0.067329824 0.022763021 0.997471035 0.341519147 0.023449646 0.999427438 -0.024390534 -0.071902007 -0.997455239 0.025032552 0.066757493 5.289641380
0.059631906 0.023227856 0.997950137 0.375390559 0.025421817 0.999369740 -0.024779959 -0.072962917 -0.997896671 0.026847387 0.059003815 5.291079521
0.054322481 0.023263916 0.998252392 0.410375714 0.027640447 0.999310434 -0.024792699 -0.074019812 -0.998140872 0.028938942 0.053641994 5.292278767
0.048569616 0.024508849 0.998519063 0.447615474 0.028797789 0.999248922 -0.025927531 -0.074981742 -0.998404562 0.030014429 0.047827329 5.294101715
0.042869650 0.024969976 0.998768628 0.484610021 0.029568633 0.999217927 -0.026250372 -0.076173835 -0.998642921 0.030657561 0.042097807 5.295261383
0.038105562 0.025265513 0.998954177 0.523820698 0.031695604 0.999146700 -0.026479425 -0.077145770 -0.998771012 0.032671474 0.037272234 5.296914101
0.035111666 0.025396638 0.999060512 0.563355744 0.033057489 0.999100447 -0.026559446 -0.078396499 -0.998836458 0.033958983 0.034240529 5.298302174
0.032392289 0.024730176 0.999169171 0.604503930 0.034184881 0.999081433 -0.025836254 -0.079711288 -0.998890400 0.034993377 0.031517141 5.298469543
0.030053969 0.023842717 0.999263823 0.644383430 0.037043579 0.999002039 -0.024950601 -0.081114970 -0.998861670 0.037766173 0.029140754 5.299643993
0.029281467 0.023535112 0.999294102 0.689459801 0.040682573 0.998866379 -0.024717128 -0.082526207 -0.998742938 0.041377604 0.028290810 5.300448895
0.030007612 0.023231843 0.999279559 0.731471956 0.044298109 0.998716772 -0.024548996 -0.083357319 -0.998567581 0.045002852 0.028939975 5.302155018
0.032772038 0.022521924 0.999209046 0.777598858 0.046254400 0.998640716 -0.024026167 -0.085878424 -0.998391986 0.047005203 0.031685758 5.303575039
0.036533900 0.022848738 0.999071300 0.825857937 0.048221342 0.998533726 -0.024599802 -0.086814515 -0.998168290 0.049075272 0.035378538 5.304490566
0.041134812 0.022278791 0.998905241 0.872333407 0.048840184 0.998511434 -0.024281245 -0.088297732 -0.997959137 0.049785521 0.039985474 5.306257248
0.044846382 0.020696079 0.998779476 0.920377374 0.050249431 0.998473108 -0.022945983 -0.089559346 -0.997729361 0.051217142 0.043737933 5.309152603
0.048983604 0.019339975 0.998612463 0.971499205 0.050028980 0.998510003 -0.021792000 -0.090540826 -0.997545838 0.051026996 0.047943056 5.310728073
0.053061664 0.016970405 0.998447061 1.020640254 0.046912346 0.998709261 -0.019467983 -0.091999605 -0.997488737 0.047872487 0.052197050 5.313713551
0.057243228 0.015941355 0.998232961 1.071465731 0.045859568 0.998775065 -0.018579811 -0.093600988 -0.997306466 0.046842102 0.056442037 5.317212582
0.061030228 0.017216584 0.997987568 1.124764204 0.043284137 0.998865128 -0.019878691 -0.094724707 -0.997197092 0.044410225 0.060215771 5.320794106
0.064009860 0.021406591 0.997719646 1.176708341 0.041302145 0.998856485 -0.024080772 -0.096247137 -0.997094214 0.042749364 0.063052535 5.324784279
0.066103920 0.026709151 0.997455239 1.228486061 0.035882935 0.998931527 -0.029126734 -0.097884089 -0.997167349 0.037717011 0.065074876 5.327783108
0.065459073 0.029462002 0.997420192 1.280564070 0.032471046 0.998971701 -0.031638846 -0.100275174 -0.997326791 0.034458324 0.064435080 5.332025528
0.065742068 0.029649196 0.997396052 1.334271193 0.029996714 0.999047875 -0.031675491 -0.101500668 -0.997385621 0.032001015 0.064790092 5.335454464
0.066264071 0.027217895 0.997430861 1.387004852 0.027757980 0.999190629 -0.029110014 -0.104330383 -0.997415960 0.029615616 0.065454938 5.339436531
0.065672114 0.026225688 0.997496545 1.439969897 0.027859189 0.999216676 -0.028105073 -0.106486797 -0.997452199 0.029635159 0.064890049 5.342993736
0.066213563 0.024932964 0.997493923 1.491988182 0.025485590 0.999319375 -0.026670322 -0.109206736 -0.997479916 0.027187658 0.065533064 5.346654892
0.066555254 0.025347553 0.997460723 1.545175791 0.024377635 0.999337494 -0.027021840 -0.111250959 -0.997484803 0.026114179 0.065893248 5.350710869
0.066181786 0.026093457 0.997466326 1.598203301 0.021361254 0.999391854 -0.027561143 -0.113261327 -0.997578919 0.023131173 0.065584131 5.354673386
0.064877152 0.027870856 0.997504056 1.649691105 0.018676110 0.999400914 -0.029138543 -0.115060419 -0.997718513 0.020519916 0.064317763 5.358508587
0.061860915 0.027190734 0.997714281 1.702446461 0.015969088 0.999473929 -0.028228808 -0.117193907 -0.997956991 0.017678844 0.061394151 5.362367630
0.058600225 0.026188549 0.997937918 1.755775571 0.013635484 0.999541581 -0.027031329 -0.119379997 -0.998188376 0.015191413 0.058216266 5.365315437
0.053654224 0.023363546 0.998286247 1.807538867 0.009701510 0.999666929 -0.023917278 -0.121851571 -0.998512447 0.010968148 0.053409684 5.368601799
0.047513317 0.021560131 0.998637855 1.859393001 0.007517647 0.999730885 -0.021941407 -0.123832032 -0.998842299 0.008549913 0.047338456 5.370942116
0.040100377 0.021594955 0.998962283 1.912315607 0.008732290 0.999720633 -0.021961879 -0.125887334 -0.999157429 0.009603909 0.039900601 5.373145103
0.031673938 0.022425240 0.999246657 1.963078022 0.009219008 0.999699175 -0.022727618 -0.127967030 -0.999455631 0.009931934 0.031457674 5.374258041
0.021386862 0.022865701 0.999509692 2.015087366 0.009103698 0.999692500 -0.023064671 -0.129517749 -0.999729753 0.009592516 0.021172125 5.375964642
0.011261358 0.021814130 0.999698579 2.066395998 0.010356231 0.999705851 -0.021930946 -0.131388739 -0.999882936 0.010600081 0.011032134 5.376391888
0.000106387 0.021159558 0.999776065 2.118079424 0.009114798 0.999734581 -0.021159651 -0.133203775 -0.999958396 0.009115006 -0.000086506 5.376590729
-0.011030320 0.020680839 0.999725223 2.168502808 0.010665052 0.999731719 -0.020563299 -0.134695902 -0.999882281 0.010435302 -0.011247923 5.376073837
-0.021860987 0.020657819 0.999547541 2.220067263 0.011036148 0.999730527 -0.020420231 -0.136723459 -0.999700129 0.010584746 -0.022083078 5.374740601
-0.032927524 0.021406282 0.999228477 2.270229578 0.010646699 0.999721408 -0.021066001 -0.138583258 -0.999401033 0.009944834 -0.033146255 5.373153210
-0.043311562 0.022313818 0.998812377 2.321281195 0.010499970 0.999705613 -0.021878455 -0.140538290 -0.999006391 0.009539912 -0.043533105 5.370426178
-0.053895026 0.023419760 0.998272002 2.370067120 0.010987425 0.999678314 -0.022859562 -0.141501650 -0.998486102 0.009736421 -0.054135017 5.368161678
-0.063321047 0.024080535 0.997702658 2.420200586 0.012076264 0.999654174 -0.023361195 -0.143916041 -0.997920156 0.010569265 -0.063589968 5.364607811
-0.073018432 0.024272155 0.997035265 2.468833923 0.012028023 0.999652505 -0.023454998 -0.145708308 -0.997258127 0.010279714 -0.073285013 5.360943317
-0.082144812 0.024905659 0.996309161 2.518491507 0.013046713 0.999628901 -0.023912957 -0.147522956 -0.996535003 0.011034235 -0.082439266 5.356554985
-0.091677457 0.024577092 0.995485425 2.565288782 0.014084375 0.999627352 -0.023382274 -0.149135143 -0.995689154 0.011877161 -0.091989465 5.353537560
-0.098663986 0.023202118 0.994850278 2.612174511 0.015690243 0.999640107 -0.021757750 -0.151058570 -0.994997144 0.013462737 -0.098992512 5.348379135
-0.103292562 0.021728676 0.994413674 2.660997391 0.019027600 0.999621570 -0.019866021 -0.152796119 -0.994468987 0.016869292 -0.103666939 5.341954708
-0.107181907 0.020310853 0.994031966 2.707353592 0.021706676 0.999600708 -0.018084113 -0.153931588 -0.994002521 0.019638842 -0.107580006 5.337292194
-0.109663419 0.019090794 0.993785441 2.752608061 0.023834694 0.999578536 -0.016571941 -0.155824453 -0.993682921 0.021869233 -0.110072233 5.331397057
-0.111737326 0.018040225 0.993574023 2.797155380 0.023712484 0.999598861 -0.015482912 -0.157385632 -0.993454814 0.021830086 -0.112120278 5.326879025
-0.112000003 0.018922435 0.993528128 2.841324091 0.024586121 0.999565363 -0.016265841 -0.158721432 -0.993404031 0.022605224 -0.112416573 5.321681023
-0.111111864 0.020071257 0.993605137 2.884488344 0.025735116 0.999518991 -0.017312832 -0.159499228 -0.993474662 0.023646887 -0.111574948 5.316860676
-0.108361103 0.021607460 0.993876696 2.923565388 0.027078843 0.999456882 -0.018776406 -0.160975426 -0.993742764 0.024878398 -0.108887359 5.312770844
-0.102802403 0.022172095 0.994454682 2.963980436 0.027129719 0.999442101 -0.019478744 -0.162461057 -0.994331896 0.024976807 -0.103346556 5.308431625
-0.095072500 0.022571735 0.995214462 3.001820326 0.027002236 0.999433458 -0.020087913 -0.163999707 -0.995104134 0.024963200 -0.095628120 5.305351734
-0.083742738 0.022694645 0.996228993 3.038641691 0.025694873 0.999457359 -0.020608287 -0.165367529 -0.996156216 0.023872178 -0.084280424 5.302587509
-0.070263639 0.022907497 0.997265399 3.076371431 0.024620418 0.999471545 -0.021223512 -0.167065337 -0.997224569 0.023061849 -0.070790499 5.300641537
-0.053126112 0.024388595 0.998289883 3.110272408 0.023684070 0.999451280 -0.023156568 -0.168250352 -0.998306990 0.022413347 -0.053674571 5.299387932
-0.031486820 0.026735945 0.999146521 3.143085241 0.021176161 0.999435723 -0.026076343 -0.169772118 -0.999279857 0.020337028 -0.032035213 5.298822403
-0.007183818 0.029992856 0.999524295 3.177385092 0.020324150 0.999347985 -0.029841486 -0.171419889 -0.999767661 0.020100109 -0.007788712 5.300507069
0.021440398 0.031564929 0.999271691 3.210045815 0.018205037 0.999323428 -0.031957168 -0.172913879 -0.999604464 0.018876953 0.020851253 5.302143574
0.054730177 0.030745612 0.998027682 3.243331432 0.015768746 0.999374509 -0.031651836 -0.174630195 -0.998376727 0.017469954 0.054211132 5.304851532
0.093160078 0.028376626 0.995246708 3.275418997 0.014819083 0.999443531 -0.029883431 -0.176161721 -0.995540857 0.017532585 0.092687719 5.308611870
0.135777757 0.025323473 0.990415633 3.307673454 0.014139984 0.999521971 -0.027494781 -0.176480651 -0.990638435 0.017737640 0.135354787 5.313972950
0.180580050 0.019910282 0.983358800 3.337378979 0.009058570 0.999718964 -0.021905014 -0.179341495 -0.983518660 0.012863432 0.180348963 5.321402550
0.229696646 0.017335735 0.973107815 3.369046211 0.005783062 0.999799371 -0.019176297 -0.179890141 -0.973245084 0.010032278 0.229550302 5.330226421
0.281505287 0.015842266 0.959428966 3.397851229 0.001725088 0.999853611 -0.017015927 -0.180885404 -0.959558189 0.006445172 0.281436741 5.340364933
0.336461991 0.015371691 0.941571593 3.427488804 0.000687192 0.999862432 -0.016568881 -0.182264894 -0.941696882 0.006221839 0.336405158 5.352852345
0.393183023 0.016458351 0.919312894 3.455336094 0.002850058 0.999813080 -0.019118488 -0.182873070 -0.919455826 0.010137159 0.393062681 5.367259979
0.451971024 0.019666003 0.891815841 3.480977774 0.003653235 0.999707758 -0.023896653 -0.184139386 -0.892025113 0.014058607 0.451767147 5.383154869
0.511657596 0.022376072 0.858897984 3.506480932 0.005489309 0.999555290 -0.029310539 -0.185261235 -0.859171927 0.019711718 0.511307180 5.400757790
0.570040166 0.028260538 0.821130693 3.530750036 0.001972575 0.999358356 -0.035763919 -0.184531614 -0.821614504 0.022006610 0.569618702 5.420138359
0.625000417 0.030597711 0.780024529 3.551012516 -0.003141103 0.999321938 -0.036683172 -0.186503500 -0.780618250 0.020476859 0.624672651 5.440810204
0.678385735 0.033072438 0.733961225 3.572315693 -0.005440165 0.999185026 -0.039995242 -0.186547428 -0.734685779 0.023139330 0.678012788 5.463240147
0.726114750 0.029085672 0.686958075 3.590442657 -0.005376831 0.999314547 -0.036627479 -0.189265013 -0.687552512 0.022902090 0.725773394 5.486613750
0.771134675 0.025109965 0.636176646 3.607603788 -0.006898165 0.999492884 -0.031088557 -0.190522954 -0.636634767 0.019585013 0.770916760 5.511649609
0.812178195 0.020126805 0.583062112 3.623397350 -0.007376831 0.999679267 -0.024232475 -0.191240683 -0.583362818 0.015379938 0.812066019 5.538354397
0.848999619 0.017476913 0.528104305 3.638397217 -0.009696359 0.999799907 -0.017498832 -0.192241684 -0.528304517 0.009735812 0.848999143 5.566455841
0.879328489 0.013043309 0.476036966 3.649782419 -0.009395232 0.999905407 -0.010042446 -0.193137944 -0.476122975 0.004358132 0.879367948 5.594771385
0.904925704 0.013438965 0.425357312 3.659986973 -0.012702830 0.999908864 -0.004567039 -0.194068953 -0.425379932 -0.001270411 0.905013978 5.622552395
0.924887717 0.016279886 0.379891753 3.669326305 -0.017018154 0.999854207 -0.001415220 -0.194560766 -0.379859358 -0.005156137 0.925029874 5.652876854
0.940370679 0.021249589 0.339487016 3.677979231 -0.023214474 0.999729037 0.001727243 -0.195269033 -0.339358300 -0.009505259 0.940609157 5.683600426
0.952111602 0.025216110 0.304709017 3.685384512 -0.026737150 0.999642193 0.000819349 -0.195486903 -0.304579288 -0.008927165 0.952445090 5.714789867
0.961304963 0.027913757 0.274068534 3.692814589 -0.029223837 0.999572635 0.000697600 -0.195467919 -0.273931921 -0.008679939 0.961709857 5.746018410
0.967404962 0.022326369 0.252248019 3.700798512 -0.023314020 0.999727786 0.000926896 -0.195749506 -0.252158582 -0.006777598 0.967662215 5.778391838
0.971328378 0.018287933 0.237037316 3.707930565 -0.019193428 0.999814630 0.001512743 -0.196174607 -0.236965686 -0.006018928 0.971499324 5.811725140
0.974486470 0.022462022 0.223319456 3.715242386 -0.023381764 0.999725461 0.001474829 -0.196502984 -0.223225027 -0.006658804 0.974744201 5.846272945
0.976549447 0.027418165 0.213539973 3.721868515 -0.028596200 0.999588013 0.002429213 -0.196602240 -0.213385388 -0.008478678 0.976931274 5.880465031
0.977728367 0.034306645 0.207051232 3.728901863 -0.035257902 0.999377847 0.000904888 -0.196499527 -0.206891388 -0.008184927 0.978329659 5.915090084
0.977912843 0.041706812 0.204809681 3.734749794 -0.042005189 0.999113202 -0.002892500 -0.196977541 -0.204748675 -0.005774457 0.978797495 5.952603340
0.978019893 0.043066122 0.204015881 3.742261410 -0.042763695 0.999067903 -0.005892818 -0.197283447 -0.204079464 -0.002961180 0.978949845 5.989232540
0.977268219 0.041841902 0.207836732 3.749214172 -0.040700961 0.999123693 -0.009764757 -0.197776675 -0.208063185 0.001083632 0.978114784 6.027411461
0.976730227 0.040275071 0.210656703 3.758368015 -0.037865091 0.999163210 -0.015463034 -0.198802352 -0.211103201 0.007126674 0.977437794 6.065948486
0.975692809 0.040694933 0.215331107 3.766520023 -0.037132364 0.999098659 -0.020565867 -0.199054852 -0.215973943 0.012070215 0.976324499 6.105563641
0.974692225 0.045326307 0.218907639 3.775876045 -0.041971203 0.998919666 -0.019955136 -0.199961573 -0.219575614 0.010262297 0.975541532 6.144856453
0.973239481 0.048161153 0.224689513 3.784757614 -0.045576695 0.998821676 -0.016677976 -0.200140417 -0.225227982 0.005991059 0.974287570 6.185832024
0.972277641 0.045544080 0.229350895 3.794693470 -0.044124246 0.998961926 -0.011317937 -0.201852500 -0.229628265 0.000884239 0.973277986 6.227985859
0.971465051 0.041473281 0.233528912 3.805366039 -0.041334104 0.999130249 -0.005492157 -0.202906132 -0.233553618 -0.004317271 0.972334325 6.271179676
0.970809400 0.038649507 0.236717850 3.816435337 -0.039519880 0.999218225 -0.001068895 -0.203507870 -0.236574098 -0.008317364 0.971577823 6.314339161
0.970236778 0.033916429 0.239771143 3.827399969 -0.034759007 0.999395370 -0.000715079 -0.203703582 -0.239650473 -0.007640410 0.970829129 6.358306408
0.970233977 0.030797560 0.240203112 3.838646412 -0.030838132 0.999517918 -0.003590743 -0.204484209 -0.240197927 -0.003923555 0.970716000 6.402854919
0.970289648 0.030057721 0.240072086 3.849532604 -0.028404787 0.999542952 -0.010343211 -0.205463663 -0.240273252 0.003216713 0.970699966 6.447926521
0.970544636 0.032235131 0.238755077 3.860857487 -0.028982669 0.999433279 -0.017121680 -0.206055984 -0.239171684 0.009697597 0.970928848 6.493508339
0.971057296 0.035321206 0.236220345 3.871680260 -0.031200824 0.999289095 -0.021159509 -0.206537530 -0.236799777 0.013176829 0.971469104 6.540671349
0.971729219 0.033160802 0.233757839 3.883111954 -0.030097455 0.999408007 -0.016660839 -0.207596213 -0.234171987 0.009154302 0.972152114 6.588411808
0.972196043 0.028871857 0.232381582 3.895065308 -0.027456610 0.999579489 -0.009323055 -0.208574474 -0.232553035 0.002683424 0.972580016 6.637311935
0.972676575 0.030250315 0.230185226 3.906171560 -0.030320764 0.999535024 -0.003231972 -0.209549531 -0.230176002 -0.003835730 0.973141372 6.687448025
0.972987175 0.033648152 0.228393868 3.917152166 -0.033654425 0.999426126 -0.003868391 -0.210554242 -0.228392929 -0.003922570 0.973561108 6.737472057
0.973280549 0.038676705 0.226338312 3.927988291 -0.037693333 0.999251723 -0.008666588 -0.211144298 -0.226504162 -0.000096422 0.974010170 6.788376331
0.974066496 0.039747968 0.222742870 3.939466953 -0.037547208 0.999195278 -0.014108207 -0.211921513 -0.223124415 0.005378961 0.974775136 6.840883732
0.975044966 0.038738314 0.218601510 3.950853825 -0.035888735 0.999211311 -0.016992727 -0.212598562 -0.219087377 0.008723345 0.975666225 6.891942024
0.975935042 0.036511116 0.214982852 3.962103367 -0.034003079 0.999303758 -0.015354245 -0.213749304 -0.215393767 0.007674668 0.976497054 6.945683002
0.976870477 0.032484755 0.211350068 3.974090576 -0.030367991 0.999450922 -0.013254418 -0.215026557 -0.211664647 0.006529571 0.977320552 6.998561859
0.977275431 0.031325884 0.209646448 3.985576868 -0.029809020 0.999501705 -0.010392010 -0.216263771 -0.209867507 0.003906501 0.977722049 7.052767277
0.977704406 0.027894804 0.208124876 3.997716904 -0.026719531 0.999607265 -0.008456634 -0.216925547 -0.208279029 0.002707090 0.978065670 7.108712196
0.977894843 0.022939527 0.207835108 4.009444714 -0.022011586 0.999734759 -0.006776673 -0.218307018 -0.207935438 0.002052094 0.978140414 7.161693096
0.977978289 0.023456117 0.207384273 4.020909786 -0.022837862 0.999724746 -0.005375184 -0.219100982 -0.207453266 0.000520600 0.978244781 7.217424393
0.977739334 0.028967595 0.207813695 4.031826973 -0.028082253 0.999579549 -0.007209786 -0.220221713 -0.207935169 0.001213415 0.978141844 7.273678780
0.977482378 0.034975626 0.208098024 4.043331146 -0.033508431 0.999382496 -0.010572512 -0.221029669 -0.208339289 0.003361405 0.978050768 7.329174995
0.977040231 0.043470629 0.208572865 4.055533409 -0.041694351 0.999047041 -0.012907448 -0.221005216 -0.208935246 0.003914787 0.977921665 7.386065483
0.976010442 0.049852472 0.211939350 4.065701962 -0.048503965 0.998756111 -0.011560255 -0.223168641 -0.212252066 0.001003030 0.977214456 7.442773819
0.975215435 0.052448288 0.214951470 4.077732563 -0.051611476 0.998621941 -0.009507770 -0.224646762 -0.215153977 -0.001821840 0.976578534 7.500061035
0.974707365 0.052803263 0.217157319 4.091037273 -0.051752865 0.998604476 -0.010525427 -0.225626856 -0.217410073 -0.000979304 0.976079941 7.557593822
0.974359632 0.050819103 0.219181761 4.102775574 -0.049114708 0.998705566 -0.013221597 -0.226884067 -0.219569981 0.002117542 0.975594461 7.614637375
0.974397480 0.045210127 0.220239878 4.116391182 -0.043615926 0.998975039 -0.012098322 -0.228098750 -0.220561162 0.002182606 0.975370705 7.671889782
0.974622071 0.038363539 0.220544934 4.130290985 -0.036298361 0.999250948 -0.013410475 -0.229569316 -0.220894247 0.005064723 0.975284576 7.728240013
0.974356651 0.037710786 0.221827179 4.142833233 -0.035674393 0.999276519 -0.013181100 -0.231510967 -0.222163796 0.004929542 0.974996924 7.785676479
0.973947287 0.039761715 0.223261476 4.156046391 -0.038426656 0.999207973 -0.010322883 -0.232631087 -0.223495111 0.001474753 0.974703908 7.843615055
0.973511755 0.042290077 0.224692106 4.168714523 -0.042339750 0.999092579 -0.004599479 -0.233760834 -0.224682733 -0.005035762 0.974418998 7.901342869
0.973195851 0.045538604 0.225424200 4.181768894 -0.046675172 0.998910010 -0.000287877 -0.235440537 -0.225191608 -0.010241553 0.974260688 7.958286285
0.972859621 0.044923481 0.226993561 4.193159103 -0.044485740 0.998985171 -0.007046535 -0.236250743 -0.227079749 -0.003242687 0.973870754 8.013690948
0.973219514 0.040054452 0.226361468 4.206866264 -0.036131293 0.999116838 -0.021449763 -0.237717360 -0.227020755 0.012696593 0.973807156 8.069254875
0.973447025 0.037887808 0.225755394 4.220427513 -0.031812757 0.999028683 -0.030488648 -0.239263117 -0.226691246 0.022497179 0.973706841 8.125059128
0.973662913 0.035181291 0.225261807 4.233323097 -0.031195097 0.999287724 -0.021231845 -0.240958720 -0.225848302 0.013645595 0.974066913 8.182945251
0.974121392 0.028615041 0.224206895 4.246075630 -0.029217687 0.999572873 -0.000629981 -0.241905168 -0.224129200 -0.005937128 0.974541366 8.238796234
0.974347472 0.024990272 0.223657370 4.259285927 -0.028914938 0.999479771 0.014289384 -0.243009046 -0.223183930 -0.020389862 0.974563181 8.296651840
