0.999989510 -0.002657957 -0.003730915 0.000372663 0.002650350 0.999994457 -0.002042455 -0.000384648 0.003736323 0.002032545 0.999990940 0.041052084
0.999967694 -0.001415760 -0.007907779 -0.000031030 0.001388633 0.999993205 -0.003434847 -0.000822497 0.007912588 0.003423755 0.999962747 0.082973696
0.999927044 -0.001561732 -0.011974012 -0.000608538 0.001503312 0.999986947 -0.004886325 -0.001021491 0.011981486 0.004867968 0.999916255 0.125749037
0.999856293 -0.000073723 -0.016953364 -0.001730790 -0.000022593 0.999983847 -0.005680968 -0.001146261 0.016953507 0.005680535 0.999840140 0.169708163
0.999781907 -0.001012597 -0.020862728 -0.003191422 0.000890887 0.999982595 -0.005842313 -0.001698672 0.020868286 0.005822452 0.999765277 0.212699965
0.999674022 0.000708515 -0.025518809 -0.004635520 -0.000876030 0.999978125 -0.006553806 -0.002633432 0.025513601 0.006574025 0.999652803 0.259519994
0.999538898 0.003108041 -0.030204890 -0.006619776 -0.003345811 0.999963760 -0.007824569 -0.002430354 0.030179475 0.007922020 0.999513030 0.305381179
0.999393940 0.003649808 -0.034619570 -0.008598278 -0.003851602 0.999975979 -0.005763997 -0.003437065 0.034597695 0.005893844 0.999383867 0.353374660
0.999236822 0.002586477 -0.038971923 -0.010696898 -0.002696091 0.999992490 -0.002760351 -0.004084377 0.038964491 0.002863317 0.999236465 0.401543915
0.999103904 0.002903093 -0.042228624 -0.013232581 -0.002933621 0.999995410 -0.000660965 -0.004096098 0.042226519 0.000784255 0.999107718 0.450567067
0.999014735 0.004495584 -0.044152483 -0.016650232 -0.004565402 0.999988496 -0.001480571 -0.004573606 0.044145323 0.001680686 0.999023736 0.499155074
0.998893976 0.003458962 -0.046889633 -0.018642690 -0.003533925 0.999992609 -0.001515928 -0.005016242 0.046884041 0.001679956 0.998898923 0.549242139
0.998816669 0.000872072 -0.048623722 -0.021117741 -0.000960505 0.999997973 -0.001795391 -0.005600794 0.048622064 0.001839971 0.998815536 0.599424839
0.998685598 0.000317314 -0.051253751 -0.023111481 -0.000369407 0.999999464 -0.001006910 -0.006032224 0.051253393 0.001024520 0.998685241 0.650174558
0.998629093 -0.001380693 -0.052326981 -0.026229236 0.001313899 0.999998271 -0.001310850 -0.006407997 0.052328698 0.001240300 0.998629153 0.701142967
0.998513997 0.001218418 -0.054482635 -0.029107690 -0.001418036 0.999992490 -0.003625365 -0.007128351 0.054477807 0.003697235 0.998508036 0.752808034
0.998443663 0.001507498 -0.055750504 -0.032441039 -0.001852914 0.999979556 -0.006144571 -0.007594234 0.055740096 0.006238308 0.998425782 0.804929256
0.998345673 0.005460005 -0.057236504 -0.036153726 -0.005909688 0.999952972 -0.007690245 -0.008639912 0.057191830 0.008015774 0.998331010 0.856738150
0.998223126 0.005903869 -0.059292328 -0.038653862 -0.006354774 0.999952257 -0.007419111 -0.009119775 0.059245698 0.007782719 0.998213053 0.910724640
0.998184204 0.005197480 -0.060010180 -0.042701319 -0.005548277 0.999968469 -0.005680494 -0.010273247 0.059978772 0.006003133 0.998181581 0.963299692
0.998119056 0.005638993 -0.061045446 -0.046637405 -0.005863334 0.999976695 -0.003496472 -0.011179681 0.061024301 0.003847824 0.998128891 1.017119288
0.998036563 0.005482256 -0.062394369 -0.049782701 -0.005738932 0.999975801 -0.003935294 -0.011870667 0.062371291 0.004285643 0.998043716 1.070644975
0.997939289 0.005334323 -0.063942611 -0.053415917 -0.005638259 0.999973595 -0.004573750 -0.012700564 0.063916542 0.004924849 0.997943044 1.125225067
0.997919440 0.004548738 -0.064311154 -0.057798695 -0.004934767 0.999970734 -0.005844957 -0.013263675 0.064282693 0.006150157 0.997912765 1.179267049
0.997826993 0.003835342 -0.065777920 -0.060219046 -0.004091172 0.999984622 -0.003755048 -0.014103685 0.065762512 0.004015998 0.997827172 1.233296752
0.997867167 0.005258038 -0.065065347 -0.064819597 -0.005336809 0.999985158 -0.001036901 -0.014495587 0.065058932 0.001381931 0.997880340 1.288978696
0.997881353 0.006024240 -0.064778842 -0.068290591 -0.005815112 0.999977231 0.003416393 -0.015492119 0.064797945 -0.003032459 0.997893751 1.342625856
0.997930348 0.004875281 -0.064118095 -0.070750758 -0.004453378 0.999967456 0.006721368 -0.015984081 0.064148784 -0.006421915 0.997919619 1.398975015
0.998078406 0.006069649 -0.061666016 -0.075529054 -0.005642624 0.999958932 0.007096600 -0.015922435 0.061706562 -0.006735005 0.998071551 1.454378128
0.998191535 0.005911192 -0.059821751 -0.079240955 -0.005654505 0.999974072 0.004459272 -0.016572557 0.059846561 -0.004112945 0.998199046 1.508580923
0.998271346 0.006459332 -0.058416583 -0.083292954 -0.006539564 0.999977887 -0.001182348 -0.016350159 0.058407657 0.001562322 0.998291612 1.565467596
0.998308122 0.006506366 -0.057779107 -0.086240500 -0.006725947 0.999970794 -0.003606660 -0.017175037 0.057753954 0.003989176 0.998322964 1.620998383
0.998384595 0.004127584 -0.056666255 -0.089683272 -0.004263682 0.999988317 -0.002281038 -0.018059302 0.056656174 0.002518960 0.998390555 1.677939296
0.998385549 0.002632648 -0.056737378 -0.093063913 -0.002530392 0.999995112 0.001874031 -0.018134655 0.056742027 -0.001727438 0.998387337 1.736786008
0.998335838 -0.001339206 -0.057652134 -0.096419550 0.001685291 0.999980927 0.005954793 -0.019134142 0.057643060 -0.006042043 0.998318970 1.790786624
0.998234808 -0.007602209 -0.058903061 -0.099387877 0.007869020 0.999959886 0.004299019 -0.018769188 0.058868006 -0.004754940 0.998254478 1.850067496
0.998117626 -0.010744601 -0.060381938 -0.102275811 0.010834537 0.999940634 0.001162233 -0.019965209 0.060365863 -0.001814255 0.998174548 1.904754996
0.998039246 -0.009759118 -0.061826650 -0.106240720 0.009571336 0.999948621 -0.003332658 -0.019918252 0.061855998 0.002734359 0.998081267 1.963014126
0.997932494 -0.008303659 -0.063732445 -0.110025510 0.008058700 0.999959111 -0.004099634 -0.020965507 0.063763872 0.003577557 0.997958541 2.022225857
0.997877002 -0.009019877 -0.064497724 -0.114018723 0.008904054 0.999958336 -0.002082980 -0.021779673 0.064513817 0.001504267 0.997915566 2.076790810
0.997850418 -0.006878896 -0.065170087 -0.118613862 0.006971800 0.999975085 0.001198236 -0.022699598 0.065160215 -0.001650013 0.997873366 2.135503769
0.997746885 -0.006252098 -0.066797197 -0.122575030 0.006386554 0.999978006 0.001799550 -0.022924878 0.066784464 -0.002222100 0.997764885 2.195636272
0.997668147 -0.004948808 -0.068071567 -0.126057670 0.005296749 0.999973834 0.004931847 -0.023648635 0.068045385 -0.005280904 0.997668207 2.250662804
0.997650981 -0.005009878 -0.068316720 -0.130000621 0.005557349 0.999953926 0.007826019 -0.023811132 0.068274364 -0.008187296 0.997632921 2.310341120
0.997665048 0.000391135 -0.068295635 -0.135134369 0.000303682 0.999948382 0.010162983 -0.024194529 0.068296097 -0.010159993 0.997613251 2.367532969
0.997634351 0.000065837 -0.068743192 -0.139530927 0.000613404 0.999951303 0.009859686 -0.024566153 0.068740472 -0.009878528 0.997585595 2.427206755
0.997647285 -0.000021813 -0.068557210 -0.143268868 0.000573645 0.999967635 0.008029532 -0.024580706 0.068554834 -0.008049966 0.997614741 2.483105898
0.997657895 0.002853184 -0.068341583 -0.148088828 -0.002495280 0.999982774 0.005321780 -0.024644772 0.068355612 -0.005138783 0.997647703 2.542366266
0.997579455 0.002499430 -0.069489636 -0.151773959 -0.002114517 0.999981940 0.005612156 -0.025222383 0.069502421 -0.005451634 0.997566879 2.598291874
0.997463048 0.000600529 -0.071183078 -0.155184954 -0.000119774 0.999977112 0.006757861 -0.025479559 0.071185514 -0.006732191 0.997440398 2.657109261
0.997437537 0.000864153 -0.071537927 -0.159999043 -0.000276153 0.999966145 0.008228904 -0.026142474 0.071542606 -0.008188060 0.997403979 2.712683201
0.997432351 0.004026879 -0.071502008 -0.164903402 -0.003692505 0.999981642 0.004807981 -0.027115397 0.071520053 -0.004531614 0.997428834 2.770524502
0.997340977 0.004007239 -0.072767191 -0.169306993 -0.003971053 0.999991953 0.000641944 -0.027385700 0.072769187 -0.000351275 0.997348726 2.828820944
0.997277617 0.004815133 -0.073580764 -0.172844335 -0.004909102 0.999987483 -0.001096306 -0.027376581 0.073574536 0.001454536 0.997288764 2.881513834
0.997245789 0.002939534 -0.074108995 -0.176407248 -0.002725008 0.999991775 0.002995681 -0.028544128 0.074117199 -0.002785482 0.997245610 2.938933134
0.997269392 0.001939715 -0.073824935 -0.181082577 -0.001536939 0.999983549 0.005512240 -0.028662743 0.073834419 -0.005383723 0.997255981 2.994116306
0.997229993 -0.000244939 -0.074380025 -0.185430333 0.000737378 0.999978006 0.006593203 -0.029433150 0.074376777 -0.006629785 0.997208178 3.051666737
0.997248113 -0.002971170 -0.074075505 -0.189327613 0.003355492 0.999981523 0.005064320 -0.029771721 0.074059099 -0.005298943 0.997239828 3.104797363
0.997218192 -0.005600852 -0.074325748 -0.193631113 0.005884814 0.999976218 0.003602044 -0.030053847 0.074303806 -0.004029417 0.997227609 3.161264420
0.997159421 -0.007042966 -0.074989371 -0.197857738 0.007437575 0.999959946 0.004984228 -0.030827951 0.074951276 -0.005527809 0.997171879 3.214533567
0.997043550 -0.010505355 -0.076116242 -0.202067062 0.011240552 0.999894202 0.009236911 -0.031220293 0.076011144 -0.010065190 0.997056127 3.270595789
0.996968150 -0.011439196 -0.076964848 -0.205780014 0.012553211 0.999823093 0.014006125 -0.031076957 0.076791011 -0.014929817 0.996935368 3.325155973
0.996948063 -0.009322356 -0.077509262 -0.210276797 0.010549388 0.999825239 0.015436392 -0.030841924 0.077351816 -0.016206957 0.996872067 3.380788088
0.996840894 -0.008318688 -0.078987196 -0.214914277 0.009301311 0.999883771 0.012080530 -0.031349808 0.078877516 -0.012777053 0.996802449 3.433824539
0.996747851 -0.007355939 -0.080246076 -0.219430506 0.007748877 0.999959528 0.004586355 -0.031792134 0.080209076 -0.005193257 0.996764600 3.487842560
0.996654928 -0.005763352 -0.081521817 -0.223447114 0.005773483 0.999983311 -0.000111461 -0.032194845 0.081521094 -0.000359575 0.996671617 3.541717052
0.996636868 -0.000366277 -0.081944242 -0.228877380 0.000404646 0.999999881 0.000451627 -0.032610547 0.081944063 -0.000483267 0.996636808 3.592352390
0.996513188 0.001836648 -0.083414838 -0.233144000 -0.001570897 0.999993503 0.003251407 -0.033649959 0.083420269 -0.003109033 0.996509612 3.645859241
0.996425092 0.004147238 -0.084380396 -0.238121822 -0.003749222 0.999981165 0.004874847 -0.034679983 0.084399037 -0.004541059 0.996421695 3.697668314
0.996365845 0.005648142 -0.084989794 -0.243009776 -0.005308930 0.999977052 0.004216703 -0.034945656 0.085011661 -0.003750175 0.996372819 3.745493650
0.996218264 0.008158241 -0.086501718 -0.247669011 -0.007798871 0.999959588 0.004491635 -0.035107642 0.086534858 -0.003800034 0.996241510 3.795679808
0.996081293 0.009267834 -0.087956719 -0.252025038 -0.008810453 0.999945581 0.005586894 -0.036525439 0.088003710 -0.004790061 0.996108532 3.845991611
0.995983362 0.008484223 -0.089135714 -0.257040322 -0.007945115 0.999948025 0.006401250 -0.037131410 0.089185365 -0.005667345 0.995998919 3.891858816
0.995869756 0.007612619 -0.090473913 -0.261279464 -0.006982007 0.999949157 0.007284537 -0.036956742 0.090524748 -0.006622760 0.995872080 3.939955473
0.995689392 0.011017615 -0.092093825 -0.265234470 -0.010138187 0.999898612 0.010011672 -0.037796129 0.092194781 -0.009034851 0.995700002 3.987232685
0.995582461 0.012816939 -0.093011700 -0.270353854 -0.011534840 0.999831140 0.014308852 -0.038369562 0.093179382 -0.013172766 0.995562196 4.034694672
0.995376945 0.015636047 -0.094764449 -0.274609506 -0.014182922 0.999771714 0.015988281 -0.038284913 0.094992809 -0.014570330 0.995371282 4.076069832
0.995231092 0.018673684 -0.095741197 -0.279701382 -0.017578613 0.999770224 0.012268628 -0.039045576 0.095948316 -0.010527121 0.995330632 4.120388508
0.995023549 0.019136712 -0.097785175 -0.282370538 -0.018769968 0.999812901 0.004669140 -0.039081059 0.097856231 -0.002810480 0.995196581 4.162707806
0.994973838 0.017788852 -0.098541833 -0.288624406 -0.018015105 0.999836743 -0.001406684 -0.039169673 0.098500721 0.003174857 0.995131910 4.203088284
0.994914830 0.018117240 -0.099076904 -0.293025970 -0.018479031 0.999825537 -0.002735076 -0.039260667 0.099010080 0.004552012 0.995076001 4.243823051
0.994837463 0.020818222 -0.099322386 -0.297966748 -0.020827891 0.999782681 0.000939648 -0.039965626 0.099320360 0.001133880 0.995054781 4.283714294
0.994681954 0.021567704 -0.100710563 -0.301746786 -0.021429993 0.999767423 0.002449208 -0.039920248 0.100739956 -0.000277956 0.994912744 4.322402477
0.994635880 0.018215494 -0.101821005 -0.305051088 -0.018337335 0.999831855 -0.000260710 -0.041225173 0.101799138 0.002126438 0.994802654 4.358648300
0.994701087 0.010021813 -0.102319814 -0.307887733 -0.010656605 0.999927342 -0.005659235 -0.041893397 0.102255650 0.006719631 0.994735420 4.393501282
0.994957864 0.006190187 -0.100102939 -0.312995762 -0.007280194 0.999918044 -0.010527223 -0.042353991 0.100029573 0.011202913 0.994921386 4.428458214
0.995201826 0.008300694 -0.097490497 -0.315522224 -0.009400979 0.999897122 -0.010832172 -0.042992704 0.097390555 0.011696702 0.995177507 4.462439060
0.995565116 0.013347881 -0.093122579 -0.319296628 -0.014145194 0.999868691 -0.007907185 -0.043849885 0.093004793 0.009189354 0.995623231 4.496134758
0.995946944 0.011915211 -0.089149579 -0.321144283 -0.012387502 0.999912024 -0.004746353 -0.044636518 0.089085177 0.005831456 0.996006966 4.528302670
0.996439934 0.008310923 -0.083894417 -0.323199064 -0.008391835 0.999964595 -0.000611838 -0.045052726 0.083886370 0.001313688 0.996474445 4.559594631
0.997133732 0.003657151 -0.075571403 -0.325050056 -0.003407927 0.999988377 0.003426573 -0.046091132 0.075583071 -0.003159210 0.997134507 4.590621471
0.997866571 0.007450858 -0.064860016 -0.326713890 -0.007308731 0.999970376 0.002428300 -0.045844082 0.064876199 -0.001949076 0.997891426 4.621058941
0.998689771 0.012764581 -0.049555551 -0.328675359 -0.012673766 0.999917388 0.002146367 -0.046767864 0.049578857 -0.001515499 0.998769045 4.649901390
0.999344885 0.017832631 -0.031490915 -0.329231024 -0.017770721 0.999839604 0.002244777 -0.046696365 0.031525895 -0.001683690 0.999501467 4.678699970
0.999823928 0.016477063 -0.008975096 -0.328954726 -0.016449856 0.999859929 0.003096907 -0.047280729 0.009024862 -0.002948723 0.999954939 4.707439423
0.999754488 0.012822009 0.018071335 -0.327920735 -0.012885480 0.999911249 0.003400304 -0.047218643 -0.018026140 -0.003632328 0.999830961 4.734963417
0.998871565 0.011633628 0.046046514 -0.324321628 -0.011894939 0.999914646 0.005404953 -0.048257031 -0.045979708 -0.005946575 0.998924553 4.759771824
0.996763766 0.011390471 0.079575367 -0.321486056 -0.011980829 0.999904096 0.006945327 -0.048784163 -0.079488620 -0.007876229 0.996804595 4.786078453
0.993123412 0.011396093 0.116516121 -0.316571712 -0.012352184 0.999895751 0.007486831 -0.049143605 -0.116418645 -0.008874576 0.993160605 4.810985565
0.987421513 0.011239001 0.157709971 -0.310747862 -0.012517332 0.999896348 0.007114615 -0.049346354 -0.157613650 -0.008999230 0.987459898 4.836062908
0.979003251 0.010818519 0.203556940 -0.305049062 -0.012589322 0.999893308 0.007406402 -0.049942799 -0.203455091 -0.009813538 0.979035079 4.859551907
0.967408955 0.013869341 0.252838910 -0.297628522 -0.015596897 0.999866724 0.004829508 -0.049900331 -0.252738208 -0.008615611 0.967496336 4.882856846
0.952055931 0.014226792 0.305592954 -0.288216472 -0.015615379 0.999875903 0.002099818 -0.050817117 -0.305525184 -0.006771095 0.952159882 4.905502319
0.932359815 0.014478972 0.361241668 -0.278522253 -0.015462247 0.999880433 -0.000168482 -0.051091664 -0.361200958 -0.005428522 0.932472229 4.925583839
0.908293486 0.014545320 0.418080807 -0.266667485 -0.015331206 0.999881327 -0.001479052 -0.051904753 -0.418052733 -0.005066269 0.908408642 4.945797920
0.879122972 0.014718181 0.476367742 -0.254119635 -0.014473384 0.999886394 -0.004182962 -0.051863980 -0.476375282 -0.003217316 0.879236162 4.965025902
0.845628679 0.014127334 0.533584595 -0.240204573 -0.012427221 0.999899805 -0.006778879 -0.052073639 -0.533626914 -0.000898558 0.845719516 4.982910156
0.809023738 0.014009085 0.587608933 -0.224364281 -0.011299656 0.999901831 -0.008281054 -0.052585650 -0.587667346 0.000059791 0.809102654 4.999960899
0.768266022 0.012801051 0.640002668 -0.208840370 -0.010708166 0.999917090 -0.007145702 -0.053350136 -0.640041113 -0.001363453 0.768339396 5.016557693
0.727226257 0.012155007 0.686290145 -0.191217661 -0.011370056 0.999919415 -0.005661483 -0.053546283 -0.686303616 -0.003685979 0.727305770 5.029469490
0.683191240 0.011202285 0.730153501 -0.172856808 -0.009643606 0.999933600 -0.006318002 -0.053462062 -0.730175793 -0.002724910 0.683253825 5.042036533
0.635564864 0.009448451 0.771989524 -0.153713465 -0.006840180 0.999954939 -0.006607141 -0.054597043 -0.772017181 -0.001081282 0.635600686 5.055742264
0.588674247 0.006987328 0.808340073 -0.135023117 -0.001512989 0.999970376 -0.007541953 -0.055274818 -0.808368742 0.003216745 0.588667452 5.066043854
0.542840660 0.009221390 0.839784980 -0.114513874 -0.003686245 0.999956131 -0.008597370 -0.055957332 -0.839827538 0.001571349 0.542850912 5.075871468
0.495014578 0.011955220 0.868802369 -0.095221758 -0.007107354 0.999927640 -0.009710048 -0.056546614 -0.868855715 -0.001368271 0.495063663 5.085427761
0.449632287 0.013960134 0.893104553 -0.074483514 -0.007821894 0.999901056 -0.011691550 -0.057301059 -0.893179476 -0.001728872 0.449697018 5.093716621
0.407081217 0.011639954 0.913317859 -0.053701997 -0.000711943 0.999922514 -0.012426384 -0.057540998 -0.913391650 0.004408316 0.407057911 5.100493431
0.368204862 0.004103692 0.929735720 -0.031007171 0.014723751 0.999839067 -0.010244193 -0.057711162 -0.929628074 0.017461156 0.368085176 5.105911732
0.332234979 -0.000000723 0.943196714 -0.009434223 0.018740073 0.999802589 -0.006600302 -0.058316294 -0.943010449 0.019868420 0.332169414 5.111558437
0.298762202 0.004153572 0.954318583 0.012873769 0.015928170 0.999829590 -0.009338180 -0.058895137 -0.954194665 0.017990446 0.298645079 5.117583275
0.267778695 0.011982018 0.963405907 0.035869956 0.004903310 0.999892771 -0.013798688 -0.059644777 -0.963467896 0.008418874 0.267691255 5.123896122
0.239287913 0.015980812 0.970817089 0.059267044 0.000750005 0.999861240 -0.016643774 -0.060712695 -0.970948398 0.004710772 0.239242688 5.129222393
0.213864908 0.017959453 0.976698160 0.083649874 0.001696406 0.999822795 -0.018756120 -0.061589994 -0.976861715 0.005668152 0.213796496 5.133238316
0.190283120 0.019757487 0.981530368 0.108933628 0.008350584 0.999728739 -0.021742679 -0.062345993 -0.981693685 0.012333617 0.190066516 5.136606693
0.170708433 0.025472844 0.984992325 0.134583831 0.015655449 0.999469399 -0.028560476 -0.062483229 -0.985197127 0.020296009 0.170219094 5.139106274
0.150545865 0.032508094 0.988068342 0.161131442 0.018300915 0.999196231 -0.035662606 -0.062262904 -0.988433599 0.023451407 0.149829939 5.142634392
0.133034453 0.033093188 0.990558803 0.188783646 0.015792903 0.999244750 -0.035504401 -0.063267365 -0.990985572 0.020367103 0.132411301 5.146117687
0.116930768 0.029128600 0.992712855 0.217287362 0.013170993 0.999436438 -0.030877292 -0.064684182 -0.993052721 0.016685519 0.116481185 5.149379730
0.103134967 0.025555184 0.994339049 0.247172177 0.013751080 0.999537766 -0.027115084 -0.066151045 -0.994572282 0.016469747 0.102735892 5.151802540
0.089019202 0.022961777 0.995765328 0.277143329 0.016006675 0.999572098 -0.024480525 -0.067337029 -0.995901227 0.018118126 0.088613585 5.154423237
0.078077465 0.022122039 0.996701777 0.309017688 0.019666573 0.999525070 -0.023725299 -0.068296432 -0.996753216 0.021454122 0.077605315 5.155621052
0.067969836 0.022954768 0.997423291 0.342028022 0.023058904 0.999432027 -0.024572361 -0.069063559 -0.997420788 0.024669666 0.067401938 5.157213211
0.060276214 0.023312969 0.997909486 0.375418037 0.025149278 0.999374390 -0.024866274 -0.070071794 -0.997864783 0.026595546 0.059652202 5.158555984
0.054624062 0.023768337 0.998224139 0.410556734 0.026767161 0.999322593 -0.025259225 -0.070968971 -0.998148143 0.028099382 0.053950842 5.159957886
0.049221616 0.024936952 0.998476505 0.446694374 0.028164573 0.999256134 -0.026344847 -0.071881957 -0.998390615 0.029418396 0.048482660 5.161492825
0.043642618 0.025266020 0.998727620 0.483761489 0.029064916 0.999224961 -0.026548687 -0.073224664 -0.998624325 0.030186586 0.042874437 5.162718773
0.038933877 0.025554363 0.998914957 0.522001982 0.031300370 0.999151230 -0.026780376 -0.074199766 -0.998751402 0.032309078 0.038100973 5.164071083
0.036052652 0.025497219 0.999024570 0.561246693 0.032652609 0.999110758 -0.026677774 -0.075505972 -0.998816252 0.033582579 0.035188030 5.165354729
0.033186860 0.024943618 0.999137819 0.602264762 0.033421986 0.999101698 -0.026052844 -0.076799273 -0.998890162 0.034257784 0.032323383 5.165993690
0.030615417 0.024227591 0.999237478 0.642736375 0.036274098 0.999020696 -0.025333731 -0.078100577 -0.998872817 0.037022047 0.029706599 5.167493820
0.029944785 0.023852415 0.999267042 0.686944246 0.039617233 0.998901427 -0.025030900 -0.079663359 -0.998766124 0.040337723 0.028966922 5.168128490
0.030779114 0.023514990 0.999249578 0.729736984 0.043772906 0.998732448 -0.024851123 -0.080514401 -0.998567283 0.044504952 0.029710779 5.169806004
0.033196710 0.022898244 0.999186516 0.776128173 0.045384865 0.998671770 -0.024394305 -0.083023898 -0.998417795 0.046157751 0.032113388 5.171633720
0.037336167 0.023078769 0.999036133 0.823524892 0.047536880 0.998560488 -0.024844335 -0.084065378 -0.998171389 0.048418649 0.036185324 5.172268867
0.042035900 0.022512617 0.998862386 0.870877981 0.048273258 0.998532772 -0.024536708 -0.085468978 -0.997949183 0.049249761 0.040887475 5.173880577
0.045524653 0.020966180 0.998743117 0.918882847 0.049467981 0.998505890 -0.023216043 -0.086888783 -0.997737586 0.050462712 0.044419486 5.177154064
0.049759079 0.019414337 0.998572469 0.969190955 0.049287077 0.998545170 -0.021869790 -0.088041827 -0.997544348 0.050304927 0.048729811 5.178755283
0.053624749 0.017162224 0.998413622 1.019177914 0.046127353 0.998742402 -0.019645371 -0.089504294 -0.997495115 0.047107648 0.052765664 5.182013035
0.057856068 0.016076386 0.998195469 1.071301460 0.045194048 0.998803079 -0.018705653 -0.091228098 -0.997301400 0.046194725 0.057060268 5.185476303
0.061755288 0.017418072 0.997939229 1.122143269 0.042598985 0.998890579 -0.020070821 -0.091971241 -0.997181833 0.043750674 0.060944792 5.188983917
0.065056674 0.021369180 0.997652650 1.173851013 0.040675275 0.998882949 -0.024047952 -0.093634278 -0.997052193 0.042144276 0.064114802 5.192234516
0.066465892 0.026541803 0.997435570 1.226249218 0.035257217 0.998959422 -0.028931778 -0.095432475 -0.997165620 0.037089773 0.065460943 5.196568966
0.065664046 0.029767217 0.997397661 1.278314471 0.031767040 0.998985887 -0.031906016 -0.097565822 -0.997335970 0.033779450 0.064651839 5.201348305
0.065962024 0.029965561 0.997372150 1.331807375 0.029302159 0.999059796 -0.031954188 -0.098909944 -0.997391820 0.031332921 0.065021940 5.204874039
0.066354722 0.027544208 0.997415841 1.385111332 0.027060591 0.999201596 -0.029393772 -0.101763263 -0.997429132 0.028941080 0.065556362 5.208937168
0.065764025 0.026482740 0.997483671 1.438051939 0.027214872 0.999228239 -0.028323332 -0.103868231 -0.997464001 0.029009050 0.064992547 5.212681770
0.066188700 0.025227286 0.997488141 1.490222692 0.024579655 0.999335647 -0.026905008 -0.106792979 -0.997504413 0.026298717 0.065524660 5.216510296
0.066308938 0.025752418 0.997466803 1.543102980 0.023629652 0.999345958 -0.027371773 -0.108959377 -0.997519314 0.025384784 0.065657057 5.220414639
0.066372871 0.026472347 0.997443616 1.596649170 0.020481274 0.999401331 -0.027887188 -0.110745817 -0.997584641 0.022279868 0.065790929 5.224490643
0.064880997 0.028483648 0.997486413 1.648867846 0.018207287 0.999392450 -0.029722359 -0.112383530 -0.997726858 0.020089936 0.064322948 5.228606701
0.062225595 0.028032757 0.997668326 1.701561093 0.014868592 0.999468625 -0.029010708 -0.114627823 -0.997951329 0.016639132 0.061775707 5.232110023
0.058678433 0.026676927 0.997920394 1.754030228 0.012375843 0.999546647 -0.027448105 -0.116696730 -0.998200119 0.013960718 0.058321688 5.235351562
0.053628080 0.023861099 0.998275876 1.806262493 0.008962875 0.999662697 -0.024375740 -0.119002536 -0.998520732 0.010254644 0.053396124 5.238780975
0.047558445 0.021965124 0.998626888 1.858438730 0.006737990 0.999728382 -0.022310238 -0.120984584 -0.998845637 0.007789778 0.047397528 5.241141319
0.040028296 0.021868108 0.998959243 1.910192728 0.007328675 0.999727130 -0.022178574 -0.123439044 -0.999171674 0.008208818 0.039857112 5.243398666
0.031373434 0.022844056 0.999246716 1.961580396 0.007396431 0.999706030 -0.023086786 -0.125327960 -0.999480486 0.008115171 0.031195249 5.244790554
0.021540536 0.023478366 0.999492347 2.012428761 0.008449819 0.999684155 -0.023664983 -0.126882166 -0.999732256 0.008955284 0.021335347 5.245792866
0.010912365 0.022255136 0.999692738 2.065280437 0.009910839 0.999700785 -0.022363499 -0.129248708 -0.999891222 0.010151834 0.010688532 5.247260571
0.000135933 0.021404050 0.999770880 2.116990566 0.008491142 0.999734759 -0.021404434 -0.130950227 -0.999963880 0.008492108 -0.000045848 5.247437954
-0.011088114 0.020458879 0.999729156 2.167630911 0.010142622 0.999741554 -0.020346636 -0.133005559 -0.999887049 0.009914271 -0.011292756 5.246870041
-0.022053625 0.020505870 0.999546409 2.218544483 0.010373038 0.999740541 -0.020280987 -0.134642601 -0.999703050 0.009921064 -0.022260610 5.245859146
-0.033248123 0.021742124 0.999210596 2.269774914 0.010417763 0.999716759 -0.021406485 -0.136247829 -0.999392807 0.009697814 -0.033465207 5.244230747
-0.044435013 0.022702960 0.998754323 2.320791960 0.010181119 0.999700248 -0.022271499 -0.138301983 -0.998960435 0.009178800 -0.044652835 5.242706776
-0.053973038 0.023522599 0.998265326 2.369965553 0.010922005 0.999676704 -0.022965340 -0.139847800 -0.998482645 0.009663549 -0.054212496 5.239451885
-0.064029433 0.024293369 0.997652233 2.419548988 0.010662125 0.999663234 -0.023658046 -0.141854465 -0.997891068 0.009122281 -0.064266890 5.236512184
-0.074441358 0.025218287 0.996906400 2.469300985 0.012524520 0.999625027 -0.024351824 -0.143145174 -0.997146785 0.010672992 -0.074729301 5.234509468
-0.083338246 0.025705077 0.996189713 2.516314030 0.012167479 0.999619007 -0.024775673 -0.144790649 -0.996447027 0.010056357 -0.083619267 5.229181767
-0.091599062 0.024789939 0.995487273 2.565426350 0.013288344 0.999631464 -0.023670420 -0.147321209 -0.995707273 0.011060191 -0.091894716 5.224095821
-0.098567240 0.023091055 0.994862437 2.610986948 0.014821056 0.999653876 -0.021733856 -0.149901286 -0.995019972 0.012602667 -0.098875351 5.218643188
-0.104107492 0.022000577 0.994322658 2.658958435 0.018300474 0.999628365 -0.020201880 -0.151070341 -0.994397640 0.016093411 -0.104471430 5.213817596
-0.107885219 0.020569682 0.993950605 2.704875708 0.021145394 0.999607205 -0.018391591 -0.152488530 -0.993938386 0.019033296 -0.108277798 5.208712578
-0.110545874 0.019569060 0.993678391 2.751276493 0.023539996 0.999577284 -0.017066430 -0.153972492 -0.993592203 0.021504560 -0.110959783 5.203713417
-0.112480059 0.018265544 0.993486047 2.795902729 0.022820614 0.999614775 -0.015794531 -0.155999929 -0.993391812 0.020895392 -0.112853557 5.198715687
-0.113237083 0.019033955 0.993385673 2.837193727 0.023770850 0.999582231 -0.016443022 -0.157147214 -0.993283510 0.021751655 -0.113642201 5.193916321
-0.112314641 0.019799443 0.993475378 2.879682779 0.024751659 0.999547005 -0.017122211 -0.158784866 -0.993364334 0.022667088 -0.112753816 5.189168453
-0.109395809 0.021234509 0.993771374 2.919187069 0.025321517 0.999506891 -0.018569630 -0.160446614 -0.993675649 0.023132358 -0.109879546 5.185101032
-0.104118191 0.022349276 0.994313717 2.959427595 0.025415059 0.999480784 -0.019804114 -0.161103025 -0.994240105 0.023208570 -0.104632124 5.180613041
-0.095893294 0.023256971 0.995119870 2.997981548 0.025817217 0.999448836 -0.020870298 -0.162320361 -0.995056629 0.023689905 -0.096440852 5.176810741
-0.085030705 0.022949055 0.996113956 3.036350727 0.023405941 0.999504924 -0.021029189 -0.164406046 -0.996103287 0.021526858 -0.085525721 5.174854279
-0.071405247 0.023403550 0.997172773 3.071181774 0.023119288 0.999494970 -0.021802530 -0.165465534 -0.997179449 0.021497110 -0.071910247 5.172431469
-0.054774441 0.024485437 0.998198509 3.104441643 0.021898622 0.999488294 -0.023315426 -0.167313188 -0.998258650 0.020582084 -0.055282585 5.172004700
-0.033133004 0.026885923 0.999089301 3.138944864 0.019341433 0.999468148 -0.026254699 -0.168797761 -0.999263763 0.018453922 -0.033635389 5.171146393
-0.008256497 0.029910829 0.999518454 3.173142672 0.018653719 0.999383211 -0.029752688 -0.170346886 -0.999791861 0.018399086 -0.008809352 5.172218323
0.020191617 0.031583026 0.999297142 3.206693649 0.016657144 0.999351561 -0.031921320 -0.171789706 -0.999657273 0.017289978 0.019652443 5.174233437
0.053442210 0.031175673 0.998084188 3.238790751 0.013939284 0.999391913 -0.031962894 -0.173367083 -0.998473644 0.015620748 0.052975155 5.176609039
0.091684036 0.029027773 0.995364845 3.270617485 0.013790236 0.999442101 -0.030416906 -0.174277321 -0.995692611 0.016515059 0.091232605 5.180611134
0.134101793 0.025204470 0.990647018 3.303460360 0.012022979 0.999561489 -0.027058808 -0.175524682 -0.990894616 0.015539159 0.133739978 5.186618805
0.179279894 0.020434665 0.983585835 3.333681345 0.008820422 0.999710619 -0.022377383 -0.177415729 -0.983758569 0.012687453 0.179047778 5.193705082
0.227861524 0.017752079 0.973531783 3.364168406 0.004134782 0.999807179 -0.019198980 -0.178282917 -0.973684788 0.008400050 0.227744162 5.202394009
0.279384077 0.016612666 0.960035682 3.393431664 0.000214343 0.999849260 -0.017363984 -0.179192901 -0.960179508 0.005056999 0.279338330 5.213088989
0.334178805 0.016081676 0.942372561 3.422583580 -0.000820946 0.999859154 -0.016771566 -0.180498093 -0.942509353 0.004831064 0.334144831 5.225316048
0.391875207 0.016290167 0.919874132 3.450083733 0.001819070 0.999827564 -0.018481012 -0.181400627 -0.920016587 0.008915564 0.391778052 5.238907814
0.450550258 0.019519567 0.892537534 3.475727558 0.001760568 0.999739587 -0.022752775 -0.182943314 -0.892749369 0.011822644 0.450398564 5.255181789
0.511417270 0.022977106 0.859025300 3.500278950 0.003951123 0.999569058 -0.029088642 -0.183409065 -0.859323382 0.018270547 0.511106074 5.270761490
0.569613993 0.028201515 0.821428418 3.523689032 0.000010989 0.999410927 -0.034319684 -0.183541134 -0.821912408 0.019557996 0.569278002 5.289865971
0.625257194 0.030750776 0.779812753 3.545196533 -0.004310932 0.999344230 -0.035951156 -0.184798568 -0.780406892 0.019116992 0.624979734 5.310536385
0.677658737 0.031091139 0.734719038 3.565570116 -0.006112025 0.999309361 -0.036650483 -0.186414212 -0.735351145 0.020345893 0.677380800 5.333090782
0.726411223 0.029479498 0.686627746 3.583537102 -0.006354312 0.999325037 -0.036182277 -0.187115610 -0.687230885 0.021920163 0.726108193 5.355190277
0.771732748 0.025809895 0.635423005 3.601380825 -0.008630360 0.999509096 -0.030116782 -0.188614041 -0.635888457 0.017758179 0.771576583 5.380885124
0.812683046 0.020534666 0.582344055 3.615330935 -0.008515003 0.999690711 -0.023368172 -0.189114511 -0.582643747 0.014032257 0.812606514 5.405056477
0.848717272 0.018895984 0.528509259 3.629851103 -0.011494206 0.999784529 -0.017287454 -0.189645022 -0.528722048 0.008597367 0.848751426 5.434202194
0.880013943 0.013417149 0.474758327 3.642752647 -0.010224532 0.999904513 -0.009306069 -0.190845311 -0.474837720 0.003335291 0.880067050 5.462618351
0.905478001 0.013868853 0.424166560 3.650827408 -0.013724274 0.999900103 -0.003395925 -0.191690043 -0.424171209 -0.002746443 0.905577779 5.486238956
0.925424278 0.016442835 0.378575712 3.660134315 -0.017849302 0.999840736 0.000205929 -0.192441374 -0.378511995 -0.006947883 0.925570309 5.516578674
0.940621614 0.022513982 0.338709474 3.668917656 -0.024715183 0.999692202 0.002186487 -0.192257807 -0.338555962 -0.010427923 0.940888464 5.548839569
0.952419639 0.026029965 0.303676218 3.674581766 -0.027976770 0.999606490 0.002061096 -0.192992359 -0.303502977 -0.010458909 0.952773035 5.573858261
0.961481154 0.028942756 0.273342788 3.681994438 -0.030590370 0.999530494 0.001766627 -0.192780718 -0.273163289 -0.010060233 0.961915076 5.605749607
0.967641652 0.023049766 0.251273215 3.690574646 -0.024383273 0.999700308 0.002194474 -0.193110198 -0.251147270 -0.008250328 0.967913687 5.639185429
0.971770346 0.019379135 0.235131562 3.699053049 -0.020534705 0.999786079 0.002466809 -0.193185851 -0.235033453 -0.007225528 0.971960306 5.672615051
0.974366188 0.023766492 0.223708734 3.704644680 -0.024832463 0.999689758 0.001952524 -0.193284690 -0.223592922 -0.007457712 0.974654019 5.709681988
0.976300001 0.028970769 0.214474082 3.711236954 -0.030154094 0.999542832 0.002246968 -0.192892030 -0.214310914 -0.008660985 0.976727068 5.743049145
0.977848709 0.035491556 0.206281513 3.715391159 -0.036616154 0.999328077 0.001635378 -0.193395585 -0.206084847 -0.009152387 0.978491306 5.763958454
0.978171408 0.042143237 0.203480810 3.722074509 -0.042826496 0.999081969 -0.001046221 -0.194718689 -0.203338072 -0.007690984 0.979078412 5.801081181
0.978324771 0.042518936 0.202664062 3.730165005 -0.042432263 0.999087930 -0.004774536 -0.194117516 -0.202682212 -0.003928447 0.979236662 5.838299751
0.977844417 0.041490596 0.205180779 3.735868454 -0.040713087 0.999138772 -0.008011511 -0.194806844 -0.205336556 -0.000519534 0.978691280 5.869401932
0.976968527 0.039885011 0.209622845 3.744087696 -0.037645347 0.999183536 -0.014665025 -0.194969296 -0.210036620 0.006435943 0.977672398 5.908677101
0.976097047 0.040114857 0.213601023 3.753381252 -0.036600042 0.999122024 -0.020385932 -0.194561854 -0.214231282 0.012080841 0.976708293 5.948119164
0.974941075 0.045221712 0.217818394 3.759680271 -0.042148426 0.998935640 -0.018737393 -0.196436122 -0.218433872 0.009087153 0.975809395 5.980084419
0.973380566 0.048642609 0.223973513 3.768737793 -0.046543825 0.998808861 -0.014643749 -0.197327584 -0.224419042 0.003829359 0.974485159 6.022569180
0.972548962 0.045410939 0.228224084 3.777428150 -0.044238210 0.998968363 -0.010254273 -0.197977453 -0.228454307 -0.000123442 0.973554611 6.058309078
0.971713722 0.041504990 0.232485935 3.788245678 -0.041647684 0.999123096 -0.004296903 -0.198991209 -0.232460409 -0.005507141 0.972590208 6.103032589
0.971086323 0.038631231 0.235582516 3.797904015 -0.039750386 0.999209642 0.000001477 -0.199408621 -0.235396221 -0.009365930 0.971854270 6.139875412
0.970467508 0.033938754 0.238832667 3.808950901 -0.035029348 0.999386311 0.000322048 -0.199650183 -0.238675132 -0.008678691 0.971060634 6.185196877
0.970523059 0.030819492 0.239029318 3.818811417 -0.031094922 0.999513090 -0.002619526 -0.200203061 -0.238993660 -0.004890287 0.971008778 6.223371029
0.970610142 0.030278517 0.238744751 3.830060482 -0.028766768 0.999538004 -0.009814687 -0.200728685 -0.238931626 0.002658319 0.971032739 6.269624233
0.970806420 0.032299358 0.237680301 3.839687824 -0.029296549 0.999440372 -0.016156191 -0.201576173 -0.238069072 0.008721321 0.971209049 6.309206009
0.971331060 0.035722964 0.235031366 3.851077080 -0.031898517 0.999289930 -0.020055097 -0.202031255 -0.235580832 0.011982985 0.971780837 6.357649803
0.972034514 0.033365645 0.232456267 3.860751152 -0.030540440 0.999409556 -0.015743125 -0.202771097 -0.232844293 0.008203542 0.972479403 6.398968697
0.972465098 0.029446451 0.231180921 3.872833729 -0.028239449 0.999564707 -0.008529074 -0.203604788 -0.231331438 0.001765805 0.972873390 6.449578285
0.972976327 0.030126506 0.228931084 3.882406235 -0.030449610 0.999534130 -0.002121695 -0.204834715 -0.228888348 -0.004906503 0.973440289 6.492933750
0.973239303 0.033665296 0.227314666 3.893553257 -0.033923864 0.999420762 -0.002770373 -0.205866531 -0.227276221 -0.005015158 0.973817468 6.544517994
0.973545432 0.038962688 0.225146949 3.903018475 -0.038241856 0.999239922 -0.007563471 -0.205989167 -0.225270540 -0.001246655 0.974295437 6.588529587
0.974420786 0.039691996 0.221198246 3.914895773 -0.037708022 0.999201834 -0.013186523 -0.206430584 -0.221545100 0.004508273 0.975139618 6.642105103
0.975349307 0.038352512 0.217308044 3.926669359 -0.035693131 0.999232352 -0.016151274 -0.207220554 -0.217760667 0.007996727 0.975969434 6.696310997
0.976250648 0.036330219 0.213576317 3.935005188 -0.034103237 0.999318779 -0.014103495 -0.208529085 -0.213943169 0.006484902 0.976824522 6.736442089
0.977137625 0.032319572 0.210136995 3.947031021 -0.030338053 0.999459624 -0.012647256 -0.209228367 -0.210432187 0.005982962 0.977590144 6.792988300
0.977484643 0.031415321 0.208655179 3.958305120 -0.030154226 0.999502659 -0.009222886 -0.210748121 -0.208841130 0.002723393 0.977945745 6.849628448
0.977913380 0.028125016 0.207109675 3.968188286 -0.027296443 0.999603868 -0.006857796 -0.211635560 -0.207220510 0.001052973 0.978293657 6.891245842
0.978118300 0.023138769 0.206758842 3.980370998 -0.022417888 0.999731660 -0.005829080 -0.212180018 -0.206838250 0.001066433 0.978374541 6.948487282
0.978256583 0.023523565 0.206059992 3.992534399 -0.023093281 0.999723196 -0.004493359 -0.212732002 -0.206108645 -0.000362944 0.978529036 7.007492065
0.978017330 0.029030887 0.206492528 4.001060963 -0.028370734 0.999578536 -0.006158011 -0.213852316 -0.206584290 0.000164297 0.978428721 7.049715996
0.977851570 0.034264721 0.206475601 4.013432026 -0.032920819 0.999408603 -0.009941988 -0.214007258 -0.206694126 0.002924443 0.978401184 7.107841969
0.977292061 0.043522649 0.207378834 4.025149345 -0.042019587 0.999048889 -0.011649432 -0.215110183 -0.207688630 0.002670924 0.978191316 7.167606354
0.976277828 0.049491864 0.210789442 4.036508083 -0.048340254 0.998774469 -0.010615805 -0.217098624 -0.211056560 0.000174360 0.977473795 7.226926804
0.975502253 0.052016191 0.213751435 4.044478416 -0.051411632 0.998642266 -0.008390129 -0.218048945 -0.213897616 -0.002804722 0.976852000 7.266328812
0.974969625 0.052434396 0.216066748 4.057924271 -0.051602863 0.998622596 -0.009492194 -0.218946084 -0.216266826 -0.001895061 0.976332426 7.326025486
0.974687338 0.051039852 0.217668265 4.071781158 -0.049486924 0.998695433 -0.012583319 -0.219618261 -0.218026549 0.001493068 0.975941658 7.385390282
0.974688709 0.044782948 0.219035029 4.081328392 -0.043482672 0.998996437 -0.010755951 -0.221345931 -0.219296873 0.000959477 0.975657701 7.429078579
0.974957764 0.038092591 0.219103247 4.096026897 -0.036220334 0.999264956 -0.012557045 -0.222582251 -0.219420522 0.004306595 0.975620925 7.488727570
0.974802434 0.036946218 0.219988778 4.110379696 -0.035054892 0.999307334 -0.012496244 -0.224341035 -0.220298067 0.004469688 0.975422323 7.547449589
0.974390388 0.038645513 0.221516967 4.124282837 -0.037411187 0.999252260 -0.009766820 -0.225638807 -0.221728757 0.001229485 0.975107610 7.608049870
0.973782361 0.042172346 0.223538145 4.130455971 -0.042477597 0.999091446 -0.003445064 -0.226550043 -0.223480329 -0.006140619 0.974689066 7.646195412
0.973293066 0.045786221 0.224953547 4.143147945 -0.047156218 0.998887241 0.000718139 -0.227862954 -0.224670351 -0.011306916 0.974369168 7.706224442
0.973224044 0.044682957 0.225473508 4.157492161 -0.044524960 0.998991489 -0.005788442 -0.229111433 -0.225504756 -0.004405746 0.974232078 7.765198231
0.973655820 0.039832357 0.224516600 4.172544479 -0.036080055 0.999132574 -0.020792475 -0.229592711 -0.225150064 0.012144147 0.974248350 7.823366642
0.973777890 0.038653634 0.224192902 4.180183411 -0.032911953 0.999028981 -0.029292490 -0.231235087 -0.225107446 0.021145755 0.974104404 7.860194206
0.974024594 0.035675362 0.223614141 4.193718910 -0.031962767 0.999284983 -0.020201482 -0.232514679 -0.224174902 0.012529414 0.974468291 7.919179440
0.974453151 0.028234102 0.222808778 4.213216305 -0.029033430 0.999578357 0.000312008 -0.234275952 -0.222706035 -0.006772939 0.974862039 8.002584457
0.974920452 0.024962500 0.221149206 4.222799301 -0.029154597 0.999451578 0.015711570 -0.235648736 -0.220635682 -0.021765044 0.975113392 8.039712906
