0.999989986 -0.002541391 -0.003669757 0.000327373 0.002534733 0.999995112 -0.001817452 -0.000579262 0.003674358 0.001808132 0.999991596 0.041072026
0.999968231 -0.001447390 -0.007834174 -0.000001772 0.001422338 0.999993861 -0.003202433 -0.000978975 0.007838761 0.003191188 0.999964118 0.083021283
0.999927640 -0.001531228 -0.011931234 -0.000674274 0.001475864 0.999988019 -0.004647626 -0.001201099 0.011938211 0.004629681 0.999917924 0.125972331
0.999861896 0.000057362 -0.016619224 -0.001957852 -0.000146730 0.999985456 -0.005376194 -0.001410061 0.016618676 0.005377890 0.999847353 0.170136690
0.999785244 -0.000758873 -0.020708384 -0.003411701 0.000648642 0.999985695 -0.005329203 -0.002081196 0.020712130 0.005314626 0.999771476 0.215096295
0.999679983 0.000770683 -0.025281848 -0.004774363 -0.000933912 0.999978781 -0.006445225 -0.002846060 0.025276344 0.006466773 0.999659479 0.260585219
0.999543786 0.003621107 -0.029984290 -0.006907106 -0.003849601 0.999963939 -0.007566235 -0.002802485 0.029955812 0.007678212 0.999521673 0.307259083
0.999408007 0.003923347 -0.034176249 -0.009087079 -0.004130180 0.999973476 -0.005983463 -0.003138892 0.034151860 0.006121075 0.999397874 0.355084926
0.999246061 0.003072312 -0.038700260 -0.010932146 -0.003194262 0.999990046 -0.003089702 -0.003761170 0.038690388 0.003210991 0.999246061 0.403645039
0.999117672 0.002923233 -0.041896842 -0.013570132 -0.002947283 0.999995470 -0.000512256 -0.004231547 0.041895159 0.000635285 0.999121785 0.452556551
0.999005616 0.004375484 -0.044367351 -0.016343366 -0.004435288 0.999989331 -0.001249577 -0.004698293 0.044361413 0.001445116 0.999014437 0.501883447
0.998916149 0.003965853 -0.046374213 -0.019167185 -0.004036123 0.999990821 -0.001421739 -0.005237043 0.046368144 0.001607371 0.998923063 0.551524639
0.998833477 0.000908276 -0.048278291 -0.021536538 -0.001000278 0.999997735 -0.001881528 -0.005623739 0.048276469 0.001927625 0.998832047 0.602105737
0.998720109 0.000551212 -0.050575286 -0.023858089 -0.000602111 0.999999344 -0.000991157 -0.006053145 0.050574694 0.001020340 0.998719752 0.653139114
0.998656094 -0.001156825 -0.051815186 -0.026674245 0.001075586 0.999998212 -0.001595736 -0.006220956 0.051816933 0.001537860 0.998655438 0.703979015
0.998550951 0.001244979 -0.053801335 -0.029930983 -0.001426011 0.999993443 -0.003326570 -0.007328384 0.053796832 0.003398470 0.998546243 0.756497562
0.998485804 0.001628601 -0.054985389 -0.033284526 -0.001968435 0.999979198 -0.006126853 -0.007684309 0.054974273 0.006225811 0.998468339 0.808670819
0.998405993 0.005199345 -0.056199204 -0.037205148 -0.005630569 0.999955773 -0.007517518 -0.008551114 0.056157634 0.007821970 0.998391211 0.860461950
0.998313963 0.006311888 -0.057701249 -0.040152583 -0.006741535 0.999950945 -0.007254412 -0.009250578 0.057652630 0.007631176 0.998307526 0.914595723
0.998230994 0.005476356 -0.059200875 -0.043523587 -0.005819900 0.999967217 -0.005632173 -0.010204023 0.059168089 0.005966753 0.998230219 0.968456149
0.998151362 0.006194715 -0.060459599 -0.047111355 -0.006470101 0.999969542 -0.004360155 -0.010674823 0.060430743 0.004743274 0.998161197 1.021945834
0.998096287 0.005468606 -0.061432570 -0.050661739 -0.005726480 0.999975443 -0.004022381 -0.011723244 0.061409067 0.004366517 0.998103082 1.076578140
0.997980893 0.006045048 -0.063225955 -0.054176547 -0.006383651 0.999966264 -0.005154785 -0.012199227 0.063192666 0.005547989 0.997985899 1.129673600
0.997934461 0.003988839 -0.064116493 -0.057521936 -0.004362516 0.999974310 -0.005689154 -0.013012467 0.064092174 0.005957113 0.997926116 1.185372233
0.997886598 0.003550855 -0.064883262 -0.060959309 -0.003803505 0.999985754 -0.003770816 -0.013864576 0.064868934 0.004009630 0.997885704 1.240187168
0.997883618 0.005159985 -0.064820021 -0.064921908 -0.005213326 0.999986172 -0.000653792 -0.014347363 0.064815760 0.000990337 0.997896731 1.296127677
0.997892737 0.005732328 -0.064631775 -0.068436354 -0.005552227 0.999980211 0.002965831 -0.014935820 0.064647496 -0.002600731 0.997904658 1.351245761
0.998052895 0.004553859 -0.062206637 -0.072464928 -0.004189365 0.999973178 0.005988591 -0.015310896 0.062232248 -0.005716323 0.998045325 1.406322479
0.998145580 0.004868614 -0.060676884 -0.076183684 -0.004446781 0.999965012 0.007085203 -0.015832771 0.060709264 -0.006802248 0.998132288 1.462205887
0.998222232 0.004757805 -0.059414133 -0.079323299 -0.004502561 0.999979913 0.004429142 -0.016198220 0.059434030 -0.004153752 0.998223603 1.517856598
0.998264313 0.005308409 -0.058653388 -0.082722105 -0.005336475 0.999985635 -0.000321866 -0.016632905 0.058650851 0.000634310 0.998278379 1.574192643
0.998348653 0.005576862 -0.057173528 -0.086371444 -0.005793410 0.999976575 -0.003622502 -0.016771356 0.057151984 0.003947749 0.998357713 1.630401134
0.998416722 0.002803487 -0.056180153 -0.089701079 -0.002943646 0.999992847 -0.002412205 -0.017485991 0.056172982 0.002573760 0.998417735 1.687196136
0.998374343 0.001879237 -0.056965157 -0.092571788 -0.001754201 0.999995887 0.002244862 -0.017902104 0.056969147 -0.002141285 0.998373568 1.744767070
0.998339653 -0.002311741 -0.057555139 -0.095924705 0.002646260 0.999979973 0.005736616 -0.018526128 0.057540730 -0.005879397 0.998325825 1.801656365
0.998228669 -0.009509631 -0.058730327 -0.098589100 0.009815034 0.999939740 0.004913778 -0.018878929 0.058680061 -0.005481514 0.998261809 1.858678222
0.998111963 -0.011795242 -0.060277473 -0.101757348 0.011881175 0.999928832 0.001067391 -0.019243656 0.060260594 -0.001781543 0.998181045 1.915512562
0.998027205 -0.011105502 -0.061792430 -0.105318271 0.010939774 0.999935508 -0.003019682 -0.019600632 0.061822005 0.002337729 0.998084366 1.972963929
0.997923076 -0.009980993 -0.063639395 -0.109359764 0.009756871 0.999944985 -0.003831508 -0.020167857 0.063674144 0.003202628 0.997965574 2.030517340
0.997880161 -0.009774373 -0.064339161 -0.113437295 0.009641001 0.999950647 -0.002383094 -0.021029368 0.064359270 0.001757749 0.997925162 2.088373899
0.997795761 -0.006515294 -0.066037759 -0.117597327 0.006551562 0.999978483 0.000332655 -0.021647461 0.066034161 -0.000764572 0.997817039 2.147804737
0.997755051 -0.006497927 -0.066653140 -0.121923439 0.006616653 0.999976933 0.001560633 -0.022146177 0.066641457 -0.001998150 0.997774959 2.205280781
0.997693777 -0.005663230 -0.067639403 -0.125765041 0.005934533 0.999975204 0.003810769 -0.022167673 0.067616142 -0.004203389 0.997702479 2.263972759
0.997689962 -0.005429242 -0.067714684 -0.130038172 0.005913789 0.999958396 0.006957315 -0.022888813 0.067674085 -0.007341695 0.997680366 2.322004318
0.997693241 0.001287997 -0.067870900 -0.134960949 -0.000683654 0.999959886 0.008926782 -0.023148580 0.067879654 -0.008859789 0.997654140 2.379944324
0.997671902 0.000571166 -0.068193860 -0.138958424 0.000045252 0.999959230 0.009037314 -0.023790354 0.068196215 -0.009019360 0.997631133 2.437963963
0.997671008 0.000441883 -0.068206750 -0.142768815 0.000068332 0.999971926 0.007477907 -0.024213307 0.068208128 -0.007465154 0.997643173 2.495830059
0.997683048 0.002628991 -0.067981809 -0.147616446 -0.002305692 0.999985754 0.004833701 -0.023920547 0.067993529 -0.004665758 0.997674763 2.553789139
0.997558057 0.001999557 -0.069812775 -0.150854349 -0.001661890 0.999986649 0.004894489 -0.024361968 0.069821626 -0.004766516 0.997548103 2.612386227
0.997520089 0.000594993 -0.070379771 -0.155412391 -0.000183472 0.999982774 0.005853461 -0.024799913 0.070382066 -0.005826033 0.997503042 2.668481350
0.997436941 0.001267788 -0.071539991 -0.159594625 -0.000763129 0.999974608 0.007081112 -0.025259303 0.071547158 -0.007008368 0.997412622 2.726837873
0.997438669 0.003097495 -0.071458288 -0.164017528 -0.002832838 0.999988735 0.003804714 -0.026201066 0.071469255 -0.003592538 0.997436464 2.781417608
0.997328997 0.003292587 -0.072964661 -0.167690784 -0.003321429 0.999994516 -0.000273948 -0.026662042 0.072963350 0.000515564 0.997334540 2.838881254
0.997295201 0.004908036 -0.073335595 -0.172151178 -0.005060842 0.999985337 -0.001897996 -0.027015897 0.073325202 0.002264002 0.997305453 2.894291878
0.997275352 0.003359971 -0.073691867 -0.176148340 -0.003223089 0.999992847 0.001976340 -0.028118305 0.073697969 -0.001733440 0.997278988 2.951349020
0.997285008 0.001775574 -0.073617488 -0.180486232 -0.001418456 0.999986887 0.004902994 -0.028563948 0.073625252 -0.004785260 0.997274458 3.006830931
0.997242332 -0.000831402 -0.074211113 -0.184571028 0.001270212 0.999981940 0.005865995 -0.029253116 0.074204907 -0.005944083 0.997225285 3.063486099
0.997276902 -0.003082905 -0.073683575 -0.188900247 0.003418950 0.999984324 0.004434947 -0.029864274 0.073668741 -0.004674791 0.997271776 3.117677927
0.997271478 -0.005687770 -0.073601879 -0.193536803 0.005915150 0.999978364 0.002871707 -0.030040450 0.073583938 -0.003299237 0.997283518 3.173627377
0.997158289 -0.007250147 -0.074985452 -0.196979225 0.007613274 0.999960542 0.004557917 -0.031072576 0.074949443 -0.005115848 0.997174144 3.227817059
0.997059286 -0.010166759 -0.075956993 -0.201106608 0.010854897 0.999903500 0.008652221 -0.031385649 0.075861707 -0.009451283 0.997073472 3.283411026
0.996991038 -0.011284209 -0.076690748 -0.205077708 0.012343718 0.999834538 0.013355373 -0.031299844 0.076527379 -0.014261839 0.996965408 3.338469267
0.996948540 -0.009525171 -0.077478066 -0.209182620 0.010741643 0.999825180 0.015299265 -0.031329423 0.077318817 -0.016084824 0.996876538 3.393574476
0.996863008 -0.008089955 -0.078730769 -0.214182764 0.009001962 0.999896288 0.011235847 -0.031518813 0.078631692 -0.011909331 0.996832609 3.447644949
0.996767640 -0.007100970 -0.080022566 -0.218510821 0.007426461 0.999965250 0.003770600 -0.031857915 0.079992995 -0.004352695 0.996785998 3.501069546
0.996707380 -0.005020802 -0.080927938 -0.223364532 0.004951223 0.999987125 -0.001060421 -0.032451782 0.080932215 0.000656237 0.996719360 3.553522825
0.996648610 -0.000038170 -0.081802651 -0.228005469 0.000002085 0.999999821 -0.000441207 -0.033088770 0.081802659 0.000439557 0.996648431 3.605822563
0.996559918 0.002604060 -0.082834564 -0.232889414 -0.002440301 0.999994814 0.002078120 -0.033899989 0.082839549 -0.001868830 0.996561170 3.657543421
0.996490777 0.005376772 -0.083529949 -0.237766981 -0.005103846 0.999980807 0.003480604 -0.034791525 0.083547056 -0.003042066 0.996499240 3.708453417
0.996386111 0.005682783 -0.084749401 -0.242400125 -0.005406206 0.999979198 0.003492611 -0.035326038 0.084767513 -0.003021817 0.996396184 3.758397818
0.996258080 0.007083402 -0.086137742 -0.247105613 -0.006756901 0.999968767 0.004081412 -0.035543032 0.086163983 -0.003484115 0.996274948 3.807118416
0.996114373 0.008462507 -0.087660864 -0.251491457 -0.008060590 0.999955297 0.004937900 -0.036567591 0.087698728 -0.004212115 0.996138096 3.856645823
0.996003270 0.007978434 -0.088959657 -0.256143868 -0.007533568 0.999957383 0.005335413 -0.037030041 0.088998429 -0.004643905 0.996020913 3.904338121
0.995898724 0.008240485 -0.090099089 -0.260531366 -0.007675743 0.999948621 0.006612686 -0.037835073 0.090148970 -0.005893989 0.995910823 3.951106787
0.995783806 0.011294937 -0.091032788 -0.265370280 -0.010491139 0.999901652 0.009303421 -0.038433742 0.091128923 -0.008309160 0.995804429 3.997500420
0.995644629 0.012757968 -0.092353076 -0.269681990 -0.011552478 0.999841034 0.013575921 -0.038800750 0.092511594 -0.012449888 0.995633721 4.042851448
0.995407164 0.015780114 -0.094420947 -0.274038047 -0.014379991 0.999776542 0.015490643 -0.039199278 0.094644293 -0.014061721 0.995411813 4.087954521
0.995267212 0.018492591 -0.095400475 -0.279280186 -0.017507847 0.999784529 0.011149012 -0.039399747 0.095586099 -0.009425982 0.995376587 4.131048679
0.995120704 0.018497022 -0.096914776 -0.283380926 -0.018199982 0.999826550 0.003948143 -0.039952975 0.096970983 -0.002165032 0.995284796 4.173192978
0.995025814 0.017735854 -0.098025255 -0.287879229 -0.018012315 0.999835968 -0.001936023 -0.040275462 0.097974829 0.003692055 0.995182037 4.213918209
0.994957685 0.018355373 -0.098600902 -0.291851163 -0.018770216 0.999818385 -0.003281215 -0.040391516 0.098522790 0.005115430 0.995121479 4.254545689
0.994844139 0.021328593 -0.099147387 -0.296693951 -0.021430498 0.999770224 0.000037197 -0.040875323 0.099125423 0.002087772 0.995072663 4.294322968
0.994764328 0.021679156 -0.099869683 -0.301666200 -0.021620121 0.999764740 0.001673511 -0.041121010 0.099882476 0.000494446 0.994999051 4.332334995
0.994688869 0.018553061 -0.101241410 -0.304640293 -0.018692207 0.999825060 -0.000425856 -0.043105662 0.101215802 0.002316019 0.994861662 4.368769169
0.994784236 0.010220164 -0.101488777 -0.307444334 -0.010845954 0.999925315 -0.005616178 -0.043856531 0.101423807 0.006687628 0.994820833 4.404149532
0.994957983 0.006193334 -0.100102387 -0.311023831 -0.007281943 0.999918222 -0.010513235 -0.044375181 0.100029103 0.011189166 0.994921565 4.438434124
0.995216131 0.008682740 -0.097311549 -0.313948631 -0.009831858 0.999887347 -0.011335379 -0.044398084 0.097202174 0.012237905 0.995189428 4.472635746
0.995564520 0.013552762 -0.093100011 -0.317875028 -0.014326029 0.999868095 -0.007642466 -0.045977123 0.092984177 0.008942320 0.995627403 4.505289555
0.995979071 0.011784634 -0.088808142 -0.320022970 -0.012251976 0.999913812 -0.004719078 -0.046433251 0.088744879 0.005788178 0.996037543 4.537445068
0.996573269 0.008477131 -0.082279652 -0.323072731 -0.008575995 0.999962747 -0.000848230 -0.046751242 0.082269408 0.001550957 0.996608853 4.569474697
0.997200847 0.003913633 -0.074665554 -0.324195385 -0.003706417 0.999988794 0.002913618 -0.047802132 0.074676141 -0.002628722 0.997204304 4.599675179
0.997934341 0.007525099 -0.063797325 -0.326043755 -0.007370346 0.999969244 0.002660686 -0.048161056 0.063815385 -0.002184982 0.997959256 4.629535198
0.998733044 0.012738042 -0.048683714 -0.327570468 -0.012647853 0.999917686 0.002160109 -0.048684906 0.048707232 -0.001541628 0.998811781 4.658937931
0.999369562 0.017733663 -0.030755859 -0.328402579 -0.017655749 0.999840140 0.002803117 -0.049148656 0.030800655 -0.002258333 0.999522984 4.686432838
0.999829710 0.016436523 -0.008387068 -0.328027844 -0.016409587 0.999859989 0.003269848 -0.049419411 0.008439645 -0.003131663 0.999959469 4.714716434
0.999756753 0.012742931 0.018000185 -0.326528877 -0.012817282 0.999909639 0.004021246 -0.049701236 -0.017947320 -0.004250980 0.999830008 4.740643024
0.998793721 0.011828162 0.047654636 -0.324050426 -0.012126473 0.999908566 0.005975644 -0.050524604 -0.047579594 -0.006546319 0.998845935 4.767140865
0.996688843 0.011091532 0.080550313 -0.320902497 -0.011735037 0.999902844 0.007519838 -0.051029004 -0.080459088 -0.008440198 0.996722162 4.792252064
0.992908299 0.011511166 0.118323803 -0.316610396 -0.012511358 0.999891996 0.007713675 -0.051092748 -0.118222229 -0.009139362 0.992945135 4.817742348
0.987155914 0.010850181 0.159390971 -0.311161935 -0.012224007 0.999896049 0.007641265 -0.051599208 -0.159291461 -0.009491518 0.987185895 4.841222286
0.978772759 0.010434975 0.204682738 -0.304650664 -0.012243727 0.999896348 0.007572372 -0.052008502 -0.204582468 -0.009917712 0.978798985 4.865344048
0.967370152 0.012866748 0.253040999 -0.297010541 -0.014745411 0.999875903 0.005529190 -0.052491717 -0.252938539 -0.009079967 0.967439771 4.887598991
0.951992154 0.013701489 0.305815548 -0.287928581 -0.015313756 0.999878526 0.002873464 -0.053215489 -0.305739075 -0.007418701 0.952086449 4.909511566
0.932182014 0.014445930 0.361701339 -0.277752638 -0.015540186 0.999879241 0.000116400 -0.053078782 -0.361656040 -0.005729413 0.932293952 4.930757046
0.908043742 0.014703618 0.418617100 -0.266380429 -0.015398780 0.999879956 -0.001717764 -0.053509034 -0.418592155 -0.004886389 0.908161163 4.950315475
0.878856540 0.014979156 0.476850748 -0.254043341 -0.014992330 0.999880493 -0.003777405 -0.053998504 -0.476850331 -0.003829307 0.878976107 4.969181061
0.845338166 0.013523206 0.534060359 -0.239953995 -0.012366746 0.999906957 -0.005744420 -0.054582421 -0.534088433 -0.001748612 0.845426798 4.987367630
0.808670402 0.013688792 0.588102698 -0.224400759 -0.011536418 0.999906003 -0.007410857 -0.054976754 -0.588148952 -0.000791658 0.808752239 5.004109859
0.768706322 0.011923323 0.639490604 -0.208786249 -0.010144728 0.999927700 -0.006449111 -0.055530757 -0.639521360 -0.001529984 0.768771887 5.019539833
0.725357831 0.011619748 0.688273847 -0.192107201 -0.012176282 0.999917686 -0.004048722 -0.056301653 -0.688264251 -0.005443843 0.725439608 5.034536839
0.681133449 0.010722934 0.732080877 -0.174269438 -0.010726823 0.999931514 -0.004665883 -0.056311291 -0.732080698 -0.004674812 0.681201756 5.046864033
0.634298325 0.009333590 0.773032010 -0.155505896 -0.007632356 0.999953926 -0.005810847 -0.056951560 -0.773050666 -0.002214244 0.634340405 5.059247494
0.587577760 0.006470297 0.809141815 -0.136338234 -0.001754632 0.999975860 -0.006722132 -0.057420462 -0.809165835 0.002530028 0.587574959 5.069619179
0.541521490 0.008539331 0.840643525 -0.116405010 -0.004238723 0.999963403 -0.007427240 -0.058310125 -0.840676248 0.000458755 0.541537941 5.079222679
0.493528783 0.011451771 0.869654000 -0.097015619 -0.007448766 0.999932289 -0.008940125 -0.058600385 -0.869697511 -0.002065643 0.493580669 5.088903427
0.447983265 0.013412389 0.893941283 -0.076850653 -0.008239059 0.999906898 -0.010873401 -0.059268765 -0.894003987 -0.002494134 0.448052019 5.096977711
0.404948801 0.010390337 0.914280355 -0.055911899 -0.000948745 0.999939680 -0.010943600 -0.059843302 -0.914338827 0.003564177 0.404934168 5.103924751
0.365919113 0.003143669 0.930641294 -0.033945680 0.014219765 0.999858618 -0.008968557 -0.059977662 -0.930537999 0.016515266 0.365822762 5.109181881
0.330423117 -0.000397804 0.943832755 -0.012031555 0.018626437 0.999807894 -0.006099468 -0.060143977 -0.943649054 0.019595649 0.330367088 5.114668369
0.297404021 0.003680762 0.954744697 0.009776592 0.016082602 0.999831319 -0.008864331 -0.060666095 -0.954616308 0.017991066 0.297294706 5.120324612
0.265988827 0.011283388 0.963910043 0.032163024 0.004772827 0.999903798 -0.013021775 -0.061582178 -0.963964224 0.008064224 0.265909404 5.126689911
0.237721965 0.015892800 0.971203148 0.055159450 0.000087074 0.999865651 -0.016383149 -0.062461682 -0.971333206 0.003979200 0.237688690 5.131745338
0.212136656 0.017373467 0.977085531 0.078937173 0.001482479 0.999835074 -0.018099835 -0.063415207 -0.977238894 0.005288146 0.212075904 5.135725498
0.188691437 0.019027837 0.981851935 0.103277624 0.009208824 0.999733984 -0.021144122 -0.063789248 -0.981993258 0.013031418 0.188466012 5.138738632
0.168751568 0.024969677 0.985342324 0.128140032 0.016345469 0.999470711 -0.028127065 -0.063962460 -0.985523105 0.020852365 0.168254137 5.141261101
0.148942217 0.031899791 0.988331199 0.153738320 0.018042333 0.999225438 -0.034970414 -0.064027846 -0.988681257 0.023040373 0.148251340 5.144229412
0.131239414 0.032670572 0.990812242 0.180532396 0.015777098 0.999261320 -0.035038944 -0.064808607 -0.991225123 0.020230636 0.130627021 5.147549629
0.115674160 0.028134592 0.992888629 0.208484709 0.014024852 0.999452829 -0.029954527 -0.066300705 -0.993188083 0.017390080 0.115216270 5.150544643
0.101138107 0.024905186 0.994560659 0.236979604 0.013649050 0.999557734 -0.026418313 -0.067671485 -0.994778812 0.016246704 0.100753434 5.152939320
0.087748826 0.022426696 0.995890141 0.266613781 0.016122911 0.999583602 -0.023930479 -0.068703994 -0.996012151 0.018156519 0.087350719 5.155053616
0.076441437 0.021421740 0.996843874 0.296859354 0.019779211 0.999539793 -0.022996413 -0.069666468 -0.996877968 0.021474663 0.075982563 5.156390667
0.066259868 0.022198409 0.997555435 0.328196317 0.022930512 0.999454558 -0.023763761 -0.070527613 -0.997538865 0.024449043 0.065714709 5.157894611
0.058911383 0.023453800 0.997987688 0.360724717 0.024843154 0.999379814 -0.024953010 -0.071088776 -0.997954071 0.026263179 0.058292184 5.159163475
0.052757535 0.023177644 0.998338342 0.394300580 0.026788773 0.999337912 -0.024616512 -0.072312757 -0.998247981 0.028042966 0.052101698 5.161033154
0.047575407 0.024266969 0.998572826 0.429316223 0.028479585 0.999265373 -0.025640663 -0.073099948 -0.998461545 0.029658804 0.046849340 5.162043095
0.041045152 0.024796519 0.998849511 0.464097768 0.028232312 0.999264002 -0.025966944 -0.074453712 -0.998758376 0.029265650 0.040314887 5.163773537
0.036571678 0.024938347 0.999019921 0.500743449 0.030726973 0.999187827 -0.026067380 -0.075367823 -0.998858571 0.031650178 0.035775695 5.164907932
0.033380225 0.025015395 0.999129593 0.538854063 0.032237366 0.999139547 -0.026092673 -0.076454364 -0.998922646 0.033080284 0.032545079 5.166178226
0.030895974 0.024351381 0.999225974 0.577826798 0.033085983 0.999130309 -0.025372073 -0.077984191 -0.998974800 0.033844270 0.030063421 5.166657925
0.028423944 0.023533139 0.999318838 0.617764294 0.035429198 0.999070883 -0.024535025 -0.079068750 -0.998967886 0.036102459 0.027563777 5.167819500
0.027862700 0.023237748 0.999341607 0.659685850 0.039589174 0.998919725 -0.024331721 -0.080438286 -0.998827517 0.040241066 0.026912635 5.168139458
0.028877798 0.022660388 0.999326050 0.700942755 0.043425884 0.998770654 -0.023902681 -0.081563376 -0.998639226 0.044086877 0.027858246 5.169352531
0.031316221 0.022810116 0.999249220 0.744927406 0.044567846 0.998713255 -0.024194637 -0.082892455 -0.998515368 0.045292061 0.030259334 5.170416832
0.034761790 0.023359053 0.999122620 0.790215790 0.046528488 0.998604834 -0.024965784 -0.083604336 -0.998311877 0.047355521 0.033626437 5.172959328
0.039561104 0.022204582 0.998970270 0.835149467 0.047725562 0.998569965 -0.024085704 -0.085553460 -0.998076677 0.048629273 0.038444810 5.173663616
0.043932535 0.020526815 0.998823464 0.882374167 0.049096551 0.998536527 -0.022680387 -0.087022856 -0.997827291 0.050035190 0.042860441 5.175565243
0.047594648 0.019033741 0.998685360 0.929023862 0.049028732 0.998568714 -0.021368096 -0.088090666 -0.997662723 0.049981281 0.046593331 5.178128719
0.051556420 0.017134696 0.998523057 0.978262067 0.046147894 0.998743892 -0.019521225 -0.089184493 -0.997603297 0.047086179 0.050700925 5.181410789
0.055594828 0.016010832 0.998324990 1.026260018 0.045271669 0.998802602 -0.018539591 -0.090625517 -0.997426510 0.046226546 0.054803424 5.184212208
0.059676606 0.016854692 0.998075426 1.075409174 0.042413548 0.998911619 -0.019404791 -0.092306316 -0.997316301 0.043489926 0.058896795 5.187397480
0.062515624 0.020851271 0.997826099 1.125640869 0.040227529 0.998916566 -0.023394382 -0.094074130 -0.997233033 0.041602593 0.061609089 5.191526413
0.064262226 0.026188299 0.997589350 1.176018715 0.034653105 0.998994112 -0.028457440 -0.095658585 -0.997331262 0.036398310 0.063290089 5.195076466
0.063436903 0.029288195 0.997555912 1.225739837 0.031512965 0.999012053 -0.031334922 -0.097470775 -0.997488081 0.033423726 0.062451277 5.199348450
0.063546866 0.028954867 0.997558773 1.276993513 0.029314479 0.999093592 -0.030866813 -0.099419892 -0.997548163 0.031204404 0.062640481 5.203076363
0.063983873 0.027101658 0.997582853 1.326791286 0.026447911 0.999233961 -0.028842853 -0.101400509 -0.997600377 0.028229464 0.063218087 5.206296444
0.063399032 0.025660235 0.997658193 1.377632499 0.027192207 0.999253869 -0.027429273 -0.103553191 -0.997617781 0.028867520 0.062653966 5.210026741
0.064027689 0.025098750 0.997632384 1.427589178 0.024660196 0.999338567 -0.026724355 -0.105675548 -0.997643352 0.026312912 0.063366383 5.213653088
0.064406477 0.025216538 0.997605085 1.478620648 0.023432758 0.999366760 -0.026773913 -0.107794881 -0.997648537 0.025101054 0.063774794 5.217364311
0.064216316 0.025819723 0.997601926 1.528584242 0.020149570 0.999427795 -0.027164027 -0.109914742 -0.997732460 0.021845628 0.063659333 5.220887661
0.062331606 0.026984492 0.997690618 1.578974724 0.017044758 0.999459803 -0.028097235 -0.112261772 -0.997909904 0.018756740 0.061837997 5.225089073
0.059772480 0.026728053 0.997854114 1.628860950 0.014015062 0.999520421 -0.027612196 -0.114014640 -0.998113632 0.015635433 0.059369206 5.228372097
0.055818617 0.025674403 0.998110712 1.679392695 0.011931965 0.999580801 -0.026379498 -0.115810625 -0.998369575 0.013381892 0.055488881 5.231775761
0.051035658 0.023152435 0.998428524 1.729659319 0.009766019 0.999671876 -0.023680480 -0.117888615 -0.998649061 0.010959220 0.050792802 5.234499931
0.045364521 0.021186266 0.998745739 1.778718472 0.008268106 0.999732852 -0.021582756 -0.119508281 -0.998936236 0.009236827 0.045177225 5.236169338
0.037148628 0.021241356 0.999083936 1.830137730 0.007343105 0.999741197 -0.021528365 -0.121597849 -0.999282777 0.008136129 0.036983039 5.239422321
0.028473934 0.022249479 0.999346912 1.879859209 0.006315593 0.999728322 -0.022437919 -0.123488583 -0.999574482 0.006950364 0.028325681 5.240634918
0.018348502 0.022927025 0.999568701 1.929565072 0.007783743 0.999703467 -0.023072993 -0.124607593 -0.999801278 0.008203741 0.018164596 5.241986752
0.008511687 0.021759581 0.999727011 1.979034305 0.008953454 0.999721408 -0.021835689 -0.126605839 -0.999923587 0.009136867 0.008314492 5.241880894
-0.002882909 0.021182893 0.999771357 2.028265953 0.008219580 0.999742329 -0.021158580 -0.128145456 -0.999962091 0.008156704 -0.003056279 5.242483139
-0.014332509 0.020416074 0.999688745 2.077016830 0.009059691 0.999753058 -0.020287497 -0.129827976 -0.999856293 0.008766101 -0.014513933 5.241804123
-0.025058180 0.020765787 0.999470294 2.126085758 0.009746582 0.999741733 -0.020527070 -0.131480977 -0.999638557 0.009227050 -0.025254097 5.240606308
-0.035847116 0.021668976 0.999122441 2.174856186 0.009812237 0.999724209 -0.021329984 -0.133056313 -0.999309063 0.009039006 -0.036049854 5.238841534
-0.046516776 0.022485174 0.998664379 2.222656727 0.009475545 0.999711454 -0.022067389 -0.134809613 -0.998872578 0.008436385 -0.046716422 5.236336231
-0.057428263 0.023943512 0.998062432 2.270253181 0.010415496 0.999672234 -0.023382828 -0.135881603 -0.998295367 0.009052481 -0.057658825 5.234193802
-0.066786870 0.024061844 0.997477055 2.316912413 0.010602008 0.999669850 -0.023404872 -0.138496339 -0.997710884 0.009012121 -0.067019917 5.230703831
-0.076985888 0.024204263 0.996738315 2.363817692 0.010950288 0.999665558 -0.023429569 -0.140343368 -0.996971965 0.009110826 -0.077225171 5.227747440
-0.085821033 0.025098514 0.995994389 2.410314798 0.012017132 0.999635994 -0.024154812 -0.141584814 -0.996238112 0.009896006 -0.086091399 5.223073483
-0.095313855 0.024532432 0.995144963 2.455845356 0.013251355 0.999638975 -0.023374023 -0.143433630 -0.995359063 0.010959151 -0.095604531 5.219808578
-0.101974569 0.023499900 0.994509399 2.499930859 0.014590558 0.999648750 -0.022125259 -0.145021677 -0.994679987 0.012254233 -0.102281615 5.214131832
-0.107923530 0.021595016 0.993924677 2.544980288 0.017766697 0.999646306 -0.019790163 -0.147006527 -0.994000435 0.015522935 -0.108269013 5.210063934
-0.110802837 0.020276222 0.993635535 2.587525368 0.020324206 0.999628961 -0.018132119 -0.148143202 -0.993634522 0.018185768 -0.111173816 5.203945637
-0.114002921 0.019087460 0.993297040 2.631366014 0.021845670 0.999621868 -0.016701724 -0.149830252 -0.993240118 0.019795196 -0.114376806 5.199278831
-0.115491539 0.018139033 0.993142843 2.671753883 0.021493468 0.999644756 -0.015758330 -0.151128829 -0.993075848 0.019526137 -0.115840413 5.194315910
-0.115980498 0.019051980 0.993068695 2.714064598 0.022999275 0.999599457 -0.016491184 -0.152126193 -0.992985129 0.020927208 -0.116372235 5.189674377
-0.115060188 0.019738074 0.993162394 2.752750158 0.022996373 0.999587417 -0.017201582 -0.153846130 -0.993092299 0.020859919 -0.115466639 5.184648514
-0.111849278 0.021728627 0.993487656 2.791810036 0.024540400 0.999516249 -0.019097667 -0.154798299 -0.993422151 0.022244524 -0.112328410 5.179834366
-0.106763467 0.021771763 0.994046032 2.829032898 0.024156971 0.999521911 -0.019297173 -0.156507730 -0.993990898 0.021952908 -0.107238352 5.176401138
-0.098934121 0.022351107 0.994842827 2.865333796 0.023931954 0.999512017 -0.020076048 -0.158074319 -0.994806051 0.021822328 -0.099420734 5.173246861
-0.087651186 0.022507006 0.995896876 2.900565386 0.022423957 0.999535859 -0.020615663 -0.159214556 -0.995898783 0.020524964 -0.088115200 5.170436859
-0.074112825 0.022645241 0.996992648 2.935195446 0.021789443 0.999540150 -0.021083355 -0.160724089 -0.997011721 0.020161370 -0.074572191 5.168719292
-0.057251517 0.024178445 0.998067021 2.966491222 0.021157978 0.999511480 -0.022999769 -0.161976904 -0.998135686 0.019800305 -0.057735119 5.167865753
-0.036048457 0.026445016 0.999000072 2.999788523 0.019131992 0.999484777 -0.025767481 -0.163481236 -0.999166906 0.018183984 -0.036535837 5.167788029
-0.011275606 0.029587256 0.999498606 3.030228615 0.017453775 0.999415636 -0.029387904 -0.164824724 -0.999784112 0.017113652 -0.011785426 5.168135166
0.016933976 0.031025251 0.999375165 3.061963558 0.015569851 0.999389052 -0.031289518 -0.166402012 -0.999735415 0.016089980 0.016440574 5.170067310
0.050508622 0.030854521 0.998246849 3.092550993 0.013150848 0.999415457 -0.031556040 -0.167483732 -0.998637021 0.014721647 0.050073333 5.172516823
0.088845998 0.028561791 0.995635748 3.123602390 0.012534608 0.999477565 -0.029790534 -0.168691948 -0.995966494 0.015126677 0.088441566 5.176005363
0.130973026 0.024489615 0.991083384 3.153274775 0.009821368 0.999613702 -0.025998304 -0.170407146 -0.991337299 0.013138873 0.130681917 5.181543827
0.176518664 0.020564925 0.984082401 3.182725430 0.007605214 0.999723315 -0.022255961 -0.171200037 -0.984267950 0.011412750 0.176313460 5.187942982
0.224902704 0.017062312 0.974231780 3.211501122 0.002622446 0.999832451 -0.018116063 -0.172701955 -0.974377632 0.006629222 0.224820301 5.196415901
0.276770532 0.015021970 0.960818529 3.239755392 -0.001457727 0.999883235 -0.015212816 -0.174340904 -0.960934937 0.002809849 0.276760101 5.206264496
0.331430644 0.015334485 0.943354905 3.267331839 -0.001997701 0.999877036 -0.015551412 -0.174304664 -0.943477452 0.003269674 0.331420511 5.217581272
0.389381468 0.016210455 0.920933902 3.293930292 0.000336073 0.999842525 -0.017741516 -0.175049186 -0.921076536 0.007217718 0.389314711 5.230817795
0.450070977 0.019666133 0.892776191 3.317669868 0.000437715 0.999752522 -0.022243282 -0.176123530 -0.892992616 0.010401837 0.449950993 5.244118690
0.509870648 0.023589816 0.859927595 3.341917515 0.002073789 0.999587417 -0.028650610 -0.176585838 -0.860248566 0.016391411 0.509611309 5.260414124
0.567521274 0.028134473 0.822877944 3.363011360 -0.002827483 0.999476671 -0.032222383 -0.177340597 -0.823353827 0.015960217 0.567303896 5.278341293
0.622687519 0.030806856 0.781863928 3.383556366 -0.006266604 0.999388874 -0.034386922 -0.178092077 -0.782445490 0.016512675 0.622500122 5.298541069
0.675340712 0.032868348 0.736772954 3.401516438 -0.008886811 0.999296546 -0.036434021 -0.178763643 -0.737452328 0.018057819 0.675157905 5.318352699
0.723579586 0.031016130 0.689543784 3.419567585 -0.009469324 0.999341965 -0.035014320 -0.180017292 -0.690175891 0.018806135 0.723397255 5.341704845
0.769247711 0.026568096 0.638398290 3.435550213 -0.010317773 0.999521375 -0.029164329 -0.180910125 -0.638867438 0.015847741 0.769153476 5.363867760
0.811086774 0.021175111 0.584542572 3.451761961 -0.010410135 0.999708772 -0.021769883 -0.181821346 -0.584833384 0.011572096 0.811070979 5.389658451
0.847122252 0.019083116 0.531055510 3.463304281 -0.013123651 0.999801397 -0.014992773 -0.182499498 -0.531236231 0.005731323 0.847204387 5.413887978
0.878473639 0.013996011 0.477585733 3.475739717 -0.012170763 0.999901950 -0.006915921 -0.183613107 -0.477635682 0.000262870 0.878557980 5.441421986
0.903873205 0.016375849 0.427486986 3.484330654 -0.017268069 0.999849379 -0.001790083 -0.183982134 -0.427451849 -0.005763866 0.904019713 5.466395378
0.923654914 0.018171307 0.382794172 3.492672920 -0.020666888 0.999783516 0.002407823 -0.184926212 -0.382667542 -0.010135161 0.923830450 5.495471954
0.939368725 0.023551548 0.342098802 3.500604630 -0.026866248 0.999626756 0.004953419 -0.184886158 -0.341854393 -0.013843998 0.939650953 5.521918297
0.951170802 0.028120926 0.307381541 3.507989645 -0.030725157 0.999521255 0.003635261 -0.184618384 -0.307132185 -0.012902102 0.951579452 5.552622318
0.960415184 0.030728921 0.276872396 3.515446186 -0.033040933 0.999447227 0.003687912 -0.184604540 -0.276605994 -0.012690050 0.960899711 5.583325863
0.966608107 0.023976438 0.255134910 3.523562908 -0.025883017 0.999656558 0.004117550 -0.184766054 -0.254948556 -0.010583719 0.966896772 5.614884853
0.971032619 0.020797472 0.238040060 3.529380798 -0.022706265 0.999728143 0.005279389 -0.185303926 -0.237865582 -0.010531462 0.971240938 5.639104843
0.973970830 0.024867518 0.225304976 3.536205769 -0.026707958 0.999630094 0.005123951 -0.185613215 -0.225094229 -0.011008017 0.974274755 5.672257900
0.975992084 0.030116241 0.215713784 3.541474342 -0.032037914 0.999471843 0.005416491 -0.184936494 -0.215436786 -0.012197474 0.976441622 5.701447964
0.976887703 0.037412159 0.210453600 3.547423840 -0.039069317 0.999229550 0.003720562 -0.184579939 -0.210152268 -0.011856851 0.977596700 5.735912323
0.977154791 0.044080105 0.207907677 3.553861141 -0.045119300 0.998981476 0.000256537 -0.184995458 -0.207684621 -0.009631325 0.978148460 5.771184444
0.977467954 0.045352142 0.206154019 3.560040951 -0.045995940 0.998940110 -0.001671157 -0.185896307 -0.206011325 -0.007848744 0.978518248 5.800433159
0.977029026 0.043444548 0.208630651 3.568346977 -0.043265346 0.999048829 -0.005424537 -0.186114550 -0.208667874 -0.003726546 0.977979481 5.836769104
0.976229668 0.042244188 0.212581858 3.575298548 -0.040600833 0.999102294 -0.012091993 -0.186439067 -0.212901831 0.003173563 0.977068424 5.869369030
0.975205719 0.042828862 0.217116162 3.583656788 -0.040089499 0.999051332 -0.017008066 -0.186619207 -0.217638642 0.007882286 0.975997508 5.907832146
0.974116325 0.047446322 0.221011817 3.591260433 -0.044943813 0.998855770 -0.016340893 -0.187451988 -0.221534252 0.005984816 0.975134194 5.941196918
0.972562015 0.050550792 0.227085605 3.599847555 -0.048933856 0.998720586 -0.012748127 -0.187727422 -0.227439538 0.001286168 0.973791361 5.981753826
0.971742868 0.047467206 0.231219903 3.608815670 -0.046897903 0.998867989 -0.007961150 -0.188724756 -0.231336057 -0.003107536 0.972868919 6.016263485
0.970876098 0.043069936 0.235678926 3.619075298 -0.043741688 0.999040067 -0.002379640 -0.189432964 -0.235555187 -0.007998659 0.971827984 6.058889389
0.970259845 0.040473327 0.238658220 3.628704548 -0.042255044 0.999103963 0.002351929 -0.190031812 -0.238349199 -0.012366494 0.971100748 6.094857216
0.969771445 0.035785481 0.241377085 3.639870882 -0.037451688 0.999295712 0.002317101 -0.189924404 -0.241124168 -0.011287036 0.970428586 6.137742996
0.969692349 0.032688763 0.242132723 3.648858547 -0.033649307 0.999433577 -0.000168392 -0.190698594 -0.242001057 -0.007984309 0.970243096 6.174886703
0.969833136 0.032048658 0.241653860 3.659961462 -0.031228598 0.999485970 -0.007223818 -0.191215754 -0.241761193 -0.000540613 0.970335543 6.219380856
0.969986379 0.034194354 0.240742862 3.669287682 -0.031826504 0.999399185 -0.013718060 -0.191870108 -0.241067275 0.005644326 0.970492005 6.257325172
0.970566154 0.037097592 0.237960249 3.679287910 -0.033896852 0.999271512 -0.017530020 -0.192308336 -0.238437250 0.008947943 0.971116662 6.299581528
0.971198499 0.035699826 0.235582441 3.689840555 -0.033494644 0.999349773 -0.013356933 -0.192704245 -0.235906079 0.005081484 0.971762478 6.343259335
0.971656203 0.031464722 0.234294832 3.700455427 -0.031030526 0.999503076 -0.005540352 -0.193664491 -0.234352723 -0.001886975 0.972149849 6.387600422
0.972213447 0.031590842 0.231954977 3.710805893 -0.032577287 0.999469101 0.000422527 -0.194621578 -0.231818497 -0.007967252 0.972726345 6.432922363
0.972571790 0.035148088 0.229932129 3.722174644 -0.036023576 0.999350905 -0.000390344 -0.195202827 -0.229796574 -0.007903341 0.973206520 6.481886864
0.972801805 0.040546179 0.228062958 3.731025219 -0.040433139 0.999168813 -0.005169821 -0.195436358 -0.228083029 -0.004192092 0.973632693 6.524744987
0.973642290 0.041519415 0.224269629 3.742499590 -0.040141635 0.999136746 -0.010701289 -0.195878327 -0.224520311 0.001416679 0.974468470 6.576140881
0.974601626 0.040679883 0.220220029 3.752027750 -0.038681284 0.999161899 -0.013381873 -0.196496129 -0.220579833 0.004523601 0.975358427 6.618620396
0.975498676 0.038499556 0.216610596 3.763221741 -0.036822919 0.999252319 -0.011772558 -0.197513714 -0.216901928 0.003507878 0.976187050 6.671248436
0.976435542 0.034128781 0.213093430 3.773209095 -0.032831937 0.999414563 -0.009622642 -0.198304668 -0.213297084 0.002399619 0.976984441 6.715777874
0.976830900 0.032914005 0.211466298 3.784638405 -0.032191206 0.999458134 -0.006860680 -0.199201778 -0.211577520 -0.000105631 0.977361262 6.769599915
0.977215588 0.029994497 0.210119069 3.794616222 -0.029695136 0.999548435 -0.004580270 -0.199818656 -0.210161597 -0.001763603 0.977665067 6.815698624
0.977384090 0.025441695 0.209935695 3.805996418 -0.025304835 0.999674141 -0.003338456 -0.200456873 -0.209952280 -0.002049435 0.977709472 6.869283676
0.977525651 0.025831655 0.209227785 3.816279888 -0.026047371 0.999659240 -0.001724794 -0.201312393 -0.209201068 -0.003763804 0.977865398 6.916927338
0.977245152 0.031458467 0.209766999 3.827429771 -0.031399749 0.999500394 -0.003611133 -0.202186942 -0.209775835 -0.003057669 0.977744758 6.972223282
0.977048337 0.036766883 0.209820628 3.837130785 -0.036128353 0.999323428 -0.006876628 -0.202720448 -0.209931538 -0.000861677 0.977715611 7.019019127
0.976453781 0.045844413 0.210799173 3.848363638 -0.045055691 0.998947859 -0.008545474 -0.203328520 -0.210969165 -0.001153443 0.977492034 7.074420929
0.975538313 0.051518437 0.213707536 3.857716084 -0.050974768 0.998667359 -0.008057488 -0.204251766 -0.213837832 -0.003033305 0.976864457 7.123084068
0.974651396 0.054143142 0.217078730 3.869505882 -0.054170951 0.998514593 -0.005827076 -0.205646276 -0.217071772 -0.006079992 0.976136684 7.180017471
0.974141419 0.054583188 0.219246790 3.880227566 -0.054456308 0.998494267 -0.006626558 -0.206419453 -0.219278336 -0.005484166 0.975646973 7.228050709
0.973758757 0.053044535 0.221315071 3.892827272 -0.052189745 0.998589993 -0.009712549 -0.207085490 -0.221518189 -0.002092697 0.975154042 7.285047054
0.973860621 0.046834037 0.222265646 3.904207230 -0.046162330 0.998900115 -0.008219186 -0.208153784 -0.222406104 -0.002255959 0.974951446 7.332664490
0.974079549 0.040273607 0.222591817 3.918072701 -0.039085340 0.999188304 -0.009742934 -0.209442347 -0.222803548 0.000790316 0.974863052 7.389089108
0.973836422 0.039610494 0.223771229 3.928722382 -0.038415316 0.999214768 -0.009693655 -0.210643083 -0.223979518 0.000843795 0.974593461 7.436921597
0.973359287 0.041701026 0.225460768 3.941683769 -0.041196581 0.999126852 -0.006943750 -0.211481199 -0.225553483 -0.002529445 0.974227428 7.493864536
0.972972572 0.043746892 0.226738840 3.952087641 -0.044629440 0.999002814 -0.001235088 -0.212335557 -0.226566762 -0.008917522 0.973954797 7.541687489
0.972570419 0.047416750 0.227724537 3.964776516 -0.049360733 0.998776913 0.002845682 -0.213357002 -0.227311105 -0.014008276 0.973721445 7.598740578
0.972371221 0.046413437 0.228779495 3.975679636 -0.046828557 0.998896301 -0.003616930 -0.214156821 -0.228694886 -0.007196415 0.973471522 7.645666599
0.972754538 0.042113531 0.227980703 3.989515305 -0.039033689 0.999075592 -0.018003348 -0.215350613 -0.228528157 0.008613911 0.973499179 7.700956821
0.972995996 0.039924093 0.227342755 4.000413418 -0.034725085 0.999036849 -0.026824135 -0.216609672 -0.228194743 0.018205281 0.973445296 7.747025013
0.973242223 0.037307087 0.226732060 4.013487816 -0.034145303 0.999257445 -0.017852444 -0.217659086 -0.227229699 0.009632918 0.973793566 7.802950859
0.973624408 0.030631904 0.226090908 4.024405003 -0.032126874 0.999479473 0.002934920 -0.218740016 -0.225883305 -0.010121105 0.974101782 7.851494789
0.973916888 0.026775198 0.225319549 4.037581921 -0.031620838 0.999339163 0.017923733 -0.219980121 -0.224690706 -0.024581019 0.974120080 7.908249378
