0.999989867 -0.002627001 -0.003645397 0.000299210 0.002620106 0.999994755 -0.001894925 -0.000478399 0.003650356 0.001885354 0.999991596 0.041226387
0.999967754 -0.001594044 -0.007866789 -0.000048314 0.001568696 0.999993563 -0.003227337 -0.000930921 0.007871882 0.003214893 0.999963880 0.083381899
0.999927104 -0.001630102 -0.011965348 -0.000653249 0.001574959 0.999988258 -0.004616518 -0.001192678 0.011972733 0.004597336 0.999917686 0.126249075
0.999860227 0.000038524 -0.016716681 -0.001914220 -0.000128898 0.999985397 -0.005405178 -0.001363844 0.016716229 0.005406577 0.999845624 0.170555830
0.999785185 -0.000797225 -0.020709604 -0.003487037 0.000682673 0.999984443 -0.005537831 -0.001862038 0.020713698 0.005522504 0.999770164 0.214583263
0.999673486 0.000750298 -0.025539329 -0.004659956 -0.000920155 0.999977529 -0.006639714 -0.002630221 0.025533773 0.006661046 0.999651790 0.261131048
0.999534667 0.003484952 -0.030304832 -0.006733796 -0.003717026 0.999964237 -0.007605017 -0.002700542 0.030277243 0.007714124 0.999511778 0.307927728
0.999398112 0.003902907 -0.034468010 -0.008970503 -0.004116813 0.999972701 -0.006137134 -0.002962214 0.034443121 0.006275340 0.999386966 0.355855435
0.999233961 0.003006499 -0.039019167 -0.010715941 -0.003136958 0.999989629 -0.003282649 -0.003534496 0.039008901 0.003402536 0.999233067 0.404507935
0.999098837 0.002785339 -0.042352837 -0.013323173 -0.002817595 0.999995768 -0.000701931 -0.004005588 0.042350709 0.000820632 0.999102414 0.453435868
0.998987079 0.004209401 -0.044798974 -0.016117666 -0.004281057 0.999989748 -0.001503727 -0.004398766 0.044792183 0.001693991 0.998994887 0.502658904
0.998899877 0.003635624 -0.046753652 -0.019048018 -0.003710439 0.999991953 -0.001513514 -0.005083015 0.046747793 0.001685325 0.998905241 0.552362084
0.998813689 0.000871691 -0.048689425 -0.021398302 -0.000968214 0.999997616 -0.001958892 -0.005473450 0.048687596 0.002003710 0.998812079 0.602938294
0.998697400 0.000428373 -0.051021345 -0.023683250 -0.000483588 0.999999285 -0.001069856 -0.005945700 0.051020849 0.001093135 0.998696983 0.654097855
0.998637855 -0.001195324 -0.052162062 -0.026610520 0.001111518 0.999998033 -0.001635618 -0.006097416 0.052163910 0.001575411 0.998637259 0.704839230
0.998525918 0.001124458 -0.054263547 -0.029845495 -0.001310935 0.999993503 -0.003401040 -0.007181239 0.054259356 0.003467163 0.998520851 0.757560611
0.998464108 0.001517553 -0.055380784 -0.033242188 -0.001864671 0.999978960 -0.006216714 -0.007494445 0.055370189 0.006310433 0.998445988 0.809763670
0.998373449 0.005182742 -0.056775179 -0.036991481 -0.005622648 0.999955416 -0.007591189 -0.008342011 0.056733306 0.007898068 0.998358130 0.861836851
0.998268902 0.006191237 -0.058488261 -0.039849140 -0.006636862 0.999950409 -0.007427873 -0.009106295 0.058439370 0.007803193 0.998260438 0.915883303
0.998188078 0.005287994 -0.059937853 -0.043297429 -0.005647308 0.999967039 -0.005826940 -0.009959368 0.059905078 0.006154869 0.998185098 0.969912827
0.998107851 0.006092078 -0.061183941 -0.046799235 -0.006372224 0.999970078 -0.004384674 -0.010571152 0.061155409 0.004766254 0.998116851 1.023267269
0.998059273 0.005390723 -0.062036507 -0.050648563 -0.005656512 0.999975502 -0.004109554 -0.011541205 0.062012836 0.004452487 0.998065412 1.078112721
0.997938573 0.005326145 -0.063954271 -0.054292485 -0.005645927 0.999972403 -0.004820498 -0.012197363 0.063926838 0.005171640 0.997941196 1.132393479
0.997889400 0.003846971 -0.064820968 -0.057473265 -0.004238060 0.999973595 -0.005896965 -0.012779601 0.064796567 0.006159236 0.997879446 1.186741948
0.997806549 0.003414377 -0.066108242 -0.060221173 -0.003657746 0.999987006 -0.003560686 -0.013849201 0.066095233 0.003794683 0.997806013 1.241252303
0.997830987 0.004927953 -0.065643586 -0.064590380 -0.004997871 0.999987066 -0.000900926 -0.014112724 0.065638281 0.001227051 0.997842729 1.296974421
0.997853577 0.005465126 -0.065256320 -0.068206333 -0.005295174 0.999982119 0.002777057 -0.014682923 0.065270327 -0.002425553 0.997864723 1.352216840
0.998010874 0.004509107 -0.062880695 -0.072434112 -0.004144712 0.999973893 0.005924276 -0.015320103 0.062905766 -0.005651869 0.998003483 1.407328963
0.998102725 0.004654307 -0.061394300 -0.076052263 -0.004234588 0.999966800 0.006964786 -0.015747758 0.061424676 -0.006691594 0.998089254 1.463316917
0.998196483 0.005249744 -0.059800010 -0.079621330 -0.005019573 0.999979377 0.003998581 -0.015963867 0.059819765 -0.003691199 0.998202384 1.518426418
0.998233676 0.005875535 -0.059118599 -0.083025172 -0.005920395 0.999982297 -0.000583697 -0.016497320 0.059114117 0.000932672 0.998250782 1.574539542
0.998321593 0.005766369 -0.057623938 -0.086642042 -0.006006074 0.999974012 -0.003987500 -0.016625546 0.057599448 0.004326901 0.998330414 1.630213857
0.998397231 0.003424917 -0.056490820 -0.090060994 -0.003596136 0.999989271 -0.002929548 -0.017255448 0.056480180 0.003128002 0.998398900 1.686773181
0.998359084 0.001881049 -0.057232093 -0.092911862 -0.001766496 0.999996364 0.002052077 -0.017954586 0.057235740 -0.001947610 0.998358786 1.744216323
0.998314321 -0.001776589 -0.058011647 -0.096309885 0.002090018 0.999983490 0.005342621 -0.018620597 0.058001198 -0.005454860 0.998301625 1.801013827
0.998216569 -0.008412250 -0.059101563 -0.098938346 0.008684057 0.999952912 0.004343636 -0.018962644 0.059062235 -0.004849129 0.998242557 1.858200669
0.998103857 -0.011447228 -0.060476832 -0.102214053 0.011510211 0.999933541 0.000693135 -0.019273458 0.060464878 -0.001387922 0.998169363 1.913626671
0.998040378 -0.009925188 -0.061780423 -0.106172837 0.009689437 0.999944568 -0.004114376 -0.019212347 0.061817836 0.003507696 0.998081267 1.971002102
0.997895300 -0.009994909 -0.064071000 -0.109726667 0.009754272 0.999944091 -0.004067520 -0.020210367 0.064108074 0.003433993 0.997937083 2.028278112
0.997832119 -0.009556009 -0.065113530 -0.113466159 0.009381792 0.999951482 -0.002980877 -0.020962726 0.065138876 0.002363534 0.997873425 2.086863995
0.997777641 -0.006984854 -0.066266149 -0.117879473 0.007008488 0.999975324 0.000124148 -0.021845588 0.066263638 -0.000588297 0.997801960 2.145801067
0.997688890 -0.006925796 -0.067592621 -0.121647388 0.007040625 0.999974132 0.001460787 -0.022207225 0.067580760 -0.001933305 0.997711957 2.202828884
0.997631490 -0.005109008 -0.068593197 -0.125728533 0.005383358 0.999978244 0.003815421 -0.022674587 0.068572201 -0.004175646 0.997637510 2.260872841
0.997637928 -0.005438970 -0.068474948 -0.129749224 0.005930876 0.999958038 0.006982490 -0.023257367 0.068434089 -0.007372113 0.997628391 2.318718672
0.997649372 0.000769807 -0.068519354 -0.135269448 -0.000163093 0.999960721 0.008859796 -0.023236822 0.068523467 -0.008827793 0.997610509 2.377789259
0.997625649 0.000585088 -0.068866707 -0.138761714 0.000027576 0.999960542 0.008895087 -0.024110062 0.068869159 -0.008875867 0.997586310 2.434302807
0.997604132 0.000301490 -0.069179751 -0.142471731 0.000215507 0.999972045 0.007465664 -0.024492098 0.069180056 -0.007462687 0.997576416 2.492834806
0.997625411 0.002700993 -0.068821646 -0.147468567 -0.002375767 0.999985635 0.004807061 -0.024389166 0.068833649 -0.004632142 0.997617424 2.550055027
0.997545004 0.002235793 -0.069992416 -0.151460260 -0.001899497 0.999986351 0.004870925 -0.024931585 0.070002332 -0.004726016 0.997535765 2.607419014
0.997476995 0.000634403 -0.070987657 -0.155596077 -0.000208496 0.999981940 0.006006985 -0.025369203 0.070990190 -0.005977028 0.997459114 2.664799690
0.997421324 0.001258135 -0.071756341 -0.159917474 -0.000735891 0.999973238 0.007303992 -0.026117699 0.071763605 -0.007232355 0.997395515 2.721432209
0.997355580 0.003911759 -0.072569557 -0.164344490 -0.003647727 0.999986291 0.003770511 -0.026926547 0.072583310 -0.003495828 0.997356296 2.779388905
0.997317433 0.003954166 -0.073090747 -0.168518752 -0.004002692 0.999991953 -0.000517446 -0.026923748 0.073088124 0.000808617 0.997325242 2.834035397
0.997241080 0.004841019 -0.074072264 -0.172544509 -0.005006129 0.999985456 -0.002043545 -0.027231857 0.074061297 0.002408723 0.997250855 2.891261339
0.997265875 0.003855291 -0.073797233 -0.177123487 -0.003749832 0.999991775 0.001567523 -0.028184472 0.073802657 -0.001286509 0.997272074 2.946189642
0.997244596 0.002577162 -0.074139543 -0.181333870 -0.002243736 0.999987066 0.004580217 -0.028990252 0.074150361 -0.004401246 0.997237384 3.002991199
0.997245193 0.000260356 -0.074175783 -0.185640514 0.000151171 0.999984622 0.005542340 -0.029685145 0.074176095 -0.005538284 0.997229934 3.057341576
0.997237325 -0.003038709 -0.074218377 -0.190049380 0.003370084 0.999984920 0.004340028 -0.030287873 0.074204072 -0.004578162 0.997232616 3.113435984
0.997238278 -0.004909151 -0.074108779 -0.194383547 0.005148320 0.999982178 0.003036567 -0.031138189 0.074092560 -0.003409716 0.997245550 3.166694403
0.997115672 -0.006333177 -0.075633265 -0.198513359 0.006666535 0.999969125 0.004155896 -0.031873234 0.075604610 -0.004648120 0.997127056 3.223410130
0.997013450 -0.009882231 -0.076592200 -0.202045292 0.010544918 0.999910355 0.008252546 -0.031718887 0.076503783 -0.009035558 0.997028351 3.276120901
0.996997237 -0.010338905 -0.076743968 -0.206696868 0.011365759 0.999851584 0.012955556 -0.031708453 0.076598600 -0.013788907 0.996966660 3.331719160
0.996934354 -0.008746373 -0.077752590 -0.210873470 0.009961962 0.999833941 0.015259955 -0.031986576 0.077606186 -0.015987743 0.996855915 3.385506630
0.996839523 -0.007599434 -0.079078160 -0.215552792 0.008533340 0.999897659 0.011478676 -0.032551184 0.078982837 -0.012117199 0.996802330 3.440223455
0.996757388 -0.005756126 -0.080259711 -0.220053166 0.006056590 0.999975443 0.003500700 -0.032509219 0.080237597 -0.003975449 0.996767879 3.491964817
0.996719062 -0.004214044 -0.080829762 -0.225065619 0.004136240 0.999990702 -0.001129983 -0.033038583 0.080833778 0.000791944 0.996727407 3.545708656
0.996643126 0.001040116 -0.081861943 -0.229453325 -0.001056032 0.999999404 -0.000151118 -0.033906523 0.081861749 0.000237060 0.996643722 3.596295118
0.996537864 0.003549661 -0.083063900 -0.234384656 -0.003377985 0.999991834 0.002207239 -0.034786329 0.083071068 -0.001919009 0.996541858 3.648692608
0.996435642 0.006261210 -0.084124528 -0.238710254 -0.005965477 0.999975145 0.003766340 -0.035670001 0.084145993 -0.003251072 0.996448159 3.698564053
0.996334076 0.006917920 -0.085269131 -0.243059784 -0.006640690 0.999971688 0.003534448 -0.036273960 0.085291162 -0.002955245 0.996351719 3.748863935
0.996211350 0.008822515 -0.086516656 -0.248229712 -0.008492803 0.999955237 0.004178296 -0.036499821 0.086549632 -0.003427696 0.996241689 3.797581196
0.996077597 0.009884772 -0.087930754 -0.252253890 -0.009495351 0.999943197 0.004845905 -0.037424099 0.087973654 -0.003991963 0.996114910 3.846173525
0.995963216 0.009319040 -0.089279249 -0.257255197 -0.008875048 0.999946237 0.005368773 -0.037889093 0.089324489 -0.004554743 0.995992184 3.893405199
0.995847225 0.008231316 -0.090667702 -0.261426270 -0.007650175 0.999947906 0.006755231 -0.038388275 0.090718582 -0.006033556 0.995858252 3.941183567
0.995728552 0.011478024 -0.091612659 -0.266559422 -0.010697558 0.999902189 0.009005707 -0.038339093 0.091707066 -0.007987209 0.995754063 3.988232136
0.995563745 0.013177843 -0.093162358 -0.270683885 -0.011987121 0.999839306 0.013329238 -0.038954049 0.093323044 -0.012153356 0.995561719 4.031701565
0.995317042 0.016439486 -0.095256604 -0.274676412 -0.015053464 0.999770343 0.015250824 -0.039499834 0.095485449 -0.013745463 0.995335877 4.077102184
0.995212317 0.019287115 -0.095814571 -0.280443966 -0.018312572 0.999771297 0.011040148 -0.039680272 0.096005596 -0.009232678 0.995337963 4.119671822
0.995080531 0.019387024 -0.097153969 -0.284535646 -0.019122213 0.999810398 0.003656136 -0.040095918 0.097206436 -0.001780350 0.995262682 4.161274910
0.994961977 0.018418850 -0.098546691 -0.289045155 -0.018759975 0.999820948 -0.002536006 -0.040005624 0.098482318 0.004371963 0.995129228 4.202648640
0.994878829 0.018898521 -0.099292323 -0.292706430 -0.019352365 0.999806285 -0.003609566 -0.040496483 0.099204868 0.005512624 0.995051742 4.243249416
0.994767249 0.021717630 -0.099832639 -0.297302097 -0.021792738 0.999762475 0.000338237 -0.041498378 0.099816285 0.001839159 0.995004237 4.282631397
0.994670212 0.022413090 -0.100641638 -0.302094758 -0.022310868 0.999748826 0.002141238 -0.041989118 0.100664347 0.000115577 0.994920433 4.319144726
0.994679391 0.019035969 -0.101244211 -0.306489348 -0.019235965 0.999814510 -0.000999377 -0.042750631 0.101206407 0.002941590 0.994861126 4.355830669
0.994741380 0.010987544 -0.101826765 -0.308857441 -0.011688320 0.999911904 -0.006287912 -0.043477621 0.101748690 0.007445030 0.994782269 4.390611649
0.994889200 0.006933205 -0.100734398 -0.312012851 -0.008092551 0.999905646 -0.011104845 -0.044127367 0.100647897 0.011863288 0.994851351 4.425672531
0.995190203 0.009345822 -0.097514272 -0.315824807 -0.010534142 0.999876261 -0.011678369 -0.044484202 0.097393066 0.012649428 0.995165586 4.459533215
0.995524287 0.014332808 -0.093412869 -0.319231331 -0.015192531 0.999848485 -0.008498786 -0.045408998 0.093276888 0.009879930 0.995591164 4.491054058
0.995971799 0.012572299 -0.088781603 -0.321951151 -0.013094760 0.999900222 -0.005304768 -0.046110272 0.088706054 0.006445974 0.996036947 4.523476124
0.996495724 0.009161241 -0.083141014 -0.323950619 -0.009307053 0.999955833 -0.001366382 -0.046571027 0.083124824 0.002135393 0.996536911 4.554551601
0.997156203 0.004547928 -0.075226240 -0.325111806 -0.004369235 0.999987304 0.002539807 -0.047904663 0.075236835 -0.002203902 0.997163296 4.585444927
0.997887969 0.008282778 -0.064427219 -0.327232480 -0.008183563 0.999964893 0.001803696 -0.047791798 0.064439908 -0.001272642 0.997920752 4.614652634
0.998731077 0.013456433 -0.048529379 -0.329617023 -0.013395912 0.999909103 0.001572145 -0.048599590 0.048546117 -0.000920056 0.998820484 4.644217968
0.999351561 0.018525587 -0.030873282 -0.329917789 -0.018475002 0.999827504 0.001922934 -0.048737653 0.030903576 -0.001351304 0.999521434 4.671681881
0.999820054 0.017074894 -0.008268878 -0.329714358 -0.017054671 0.999851465 0.002509795 -0.049144827 0.008310502 -0.002368320 0.999962687 4.699804783
0.999748707 0.013565219 0.017843075 -0.327943146 -0.013620151 0.999902844 0.002960735 -0.049254522 -0.017801186 -0.003203017 0.999836445 4.725855827
0.998793602 0.012566647 0.047468688 -0.325373352 -0.012794972 0.999907911 0.004509164 -0.049864672 -0.047407661 -0.005111085 0.998862624 4.752811432
0.996694684 0.011967266 0.080351800 -0.322169840 -0.012515848 0.999901533 0.006327058 -0.050530180 -0.080268174 -0.007311818 0.996746540 4.777467251
0.992939413 0.012323786 0.117981017 -0.317767560 -0.013181503 0.999891996 0.006492385 -0.050663017 -0.117888272 -0.008001712 0.992994666 4.803235531
0.987232447 0.011808225 0.158849016 -0.312283754 -0.012980877 0.999895513 0.006346559 -0.051078640 -0.158757553 -0.008327530 0.987282515 4.826213837
0.978859544 0.011089342 0.204233617 -0.306045651 -0.012796573 0.999893308 0.007040401 -0.052186262 -0.204133809 -0.009505052 0.978896916 4.850135326
0.967411339 0.013791600 0.252834171 -0.298451662 -0.015368907 0.999872804 0.004264486 -0.052104093 -0.252743125 -0.008011295 0.967500269 4.872341156
0.952093363 0.014880579 0.305445343 -0.289241552 -0.016049583 0.999870300 0.001316273 -0.052659560 -0.305386126 -0.006155484 0.952208698 4.894429207
0.932335675 0.015278391 0.361271024 -0.279250622 -0.015932411 0.999872327 -0.001168347 -0.052808296 -0.361242741 -0.004666626 0.932460129 4.915172577
0.907943070 0.015720293 0.418798447 -0.268098712 -0.016212806 0.999865711 -0.002382720 -0.053647287 -0.418779790 -0.004626522 0.908076048 4.935263634
0.878757536 0.015637152 0.477012247 -0.255542040 -0.015215661 0.999872923 -0.004746822 -0.054035358 -0.477025867 -0.003086750 0.878883839 4.954478264
0.845620930 0.014444585 0.533588290 -0.241475582 -0.012654256 0.999895275 -0.007013584 -0.054380506 -0.533633709 -0.000821331 0.845715284 4.971654415
0.808916926 0.014756373 0.587737679 -0.226194382 -0.012094179 0.999891102 -0.008458836 -0.054942403 -0.587798536 -0.000265711 0.809007347 4.988316536
0.768979311 0.012786860 0.639145672 -0.210338593 -0.010311515 0.999918044 -0.007598376 -0.055536121 -0.639190376 -0.000747566 0.769048154 5.003888130
0.725979567 0.012627665 0.687600493 -0.193598986 -0.012816204 0.999906301 -0.004831556 -0.056591377 -0.687596977 -0.005304816 0.726073325 5.018688202
0.681423068 0.011698396 0.731796265 -0.175884008 -0.010856760 0.999923766 -0.005875213 -0.056299634 -0.731809139 -0.003941428 0.681498230 5.031347275
0.635383904 0.009645308 0.772136152 -0.156734705 -0.006964264 0.999952853 -0.006760301 -0.057085257 -0.772164941 -0.001081974 0.635421336 5.043284416
0.587908626 0.007675507 0.808890998 -0.137964487 -0.001800269 0.999964952 -0.008180143 -0.057410665 -0.808925390 0.003352956 0.587901831 5.054140091
0.541410387 0.009846401 0.840700924 -0.117995977 -0.004072891 0.999950409 -0.009088618 -0.058216535 -0.840748668 0.001496587 0.541423619 5.064171791
0.493731499 0.012644613 0.869522452 -0.098745823 -0.007533512 0.999918938 -0.010263169 -0.058766544 -0.869581759 -0.001483307 0.493786812 5.073608398
0.448648661 0.015037753 0.893581688 -0.078149557 -0.008092187 0.999885738 -0.012763788 -0.059196837 -0.893671691 -0.001504574 0.448719114 5.081565380
0.405833811 0.012402216 0.913862824 -0.057656050 -0.000866914 0.999912739 -0.013185032 -0.059716068 -0.913946509 0.004558691 0.405809104 5.088283062
0.366420448 0.004474918 0.930438757 -0.035232186 0.013994654 0.999848843 -0.010320043 -0.060322691 -0.930344284 0.016802641 0.366302371 5.093823433
0.330928057 0.000834102 0.943655670 -0.014183521 0.018676022 0.999798119 -0.007433169 -0.060509037 -0.943471134 0.020083576 0.330845565 5.098986149
0.297601283 0.005269515 0.954675794 0.008025050 0.015983822 0.999817193 -0.010501321 -0.060927104 -0.954556406 0.018384574 0.297462583 5.104929447
0.266528755 0.012647530 0.963744044 0.030515671 0.005033795 0.999882042 -0.014513907 -0.061940100 -0.963813901 0.008719661 0.266433537 5.111197472
0.238362476 0.016594233 0.971034467 0.053874969 0.001070586 0.999848902 -0.017349448 -0.063036911 -0.971175730 0.005175034 0.238308668 5.116339684
0.212233916 0.018720616 0.977039635 0.077436686 0.001758211 0.999807537 -0.019538783 -0.063890994 -0.977217257 0.005864634 0.212160140 5.120573044
0.189036816 0.020245146 0.981761277 0.101885676 0.009605696 0.999701440 -0.022464661 -0.064338885 -0.981922984 0.013677147 0.188785881 5.123498917
0.169112816 0.026333326 0.985244930 0.127104819 0.016709507 0.999422729 -0.029580381 -0.064531237 -0.985454977 0.021465374 0.168575153 5.126114845
0.149254188 0.033319231 0.988237262 0.153008103 0.018690256 0.999158561 -0.036510259 -0.064490460 -0.988622189 0.023919726 0.148505837 5.129254341
0.131710112 0.033949059 0.990706742 0.180009782 0.016333882 0.999203444 -0.036411736 -0.065436736 -0.991153717 0.020977883 0.131050721 5.132487297
0.116287306 0.029599210 0.992774606 0.208259940 0.014253235 0.999403119 -0.031466391 -0.066921219 -0.993113458 0.017809389 0.115796007 5.135439873
0.101565823 0.026556730 0.994474292 0.236672223 0.014457865 0.999498665 -0.028167488 -0.068165079 -0.994723678 0.017238826 0.101130947 5.138020039
0.088413283 0.023975460 0.995795310 0.266015351 0.016798764 0.999532163 -0.025556941 -0.069276541 -0.995942235 0.018987702 0.087969176 5.139935970
0.077020474 0.023172861 0.996760190 0.296272337 0.020741900 0.999476254 -0.024838753 -0.070160292 -0.996813774 0.022587791 0.076499484 5.141306400
0.066648550 0.023793446 0.997492790 0.327644527 0.023817878 0.999392867 -0.025430188 -0.071158774 -0.997492254 0.025453044 0.066041373 5.143018723
0.058841255 0.024460578 0.997967601 0.360004574 0.026048465 0.999321818 -0.026029611 -0.071992569 -0.997927427 0.027527140 0.058164176 5.144456863
0.053396016 0.024655918 0.998268902 0.393895507 0.027765904 0.999271929 -0.026165847 -0.073048532 -0.998187304 0.029114993 0.052672543 5.145924091
0.047917724 0.025614575 0.998522699 0.428398252 0.028881283 0.999217629 -0.027018368 -0.074184947 -0.998433650 0.030133281 0.047140457 5.147216797
0.041631903 0.026160311 0.998790443 0.464552164 0.029159937 0.999199569 -0.027386475 -0.075457253 -0.998707473 0.030264817 0.040835757 5.148748398
0.037390083 0.026386300 0.998952270 0.500817597 0.031776603 0.999114394 -0.027579956 -0.076390021 -0.998795331 0.032774527 0.036518496 5.149699688
0.034570083 0.026492009 0.999051154 0.539057493 0.033079900 0.999070525 -0.027637187 -0.077498443 -0.998854697 0.034003928 0.033661604 5.150698185
0.031595111 0.025925353 0.999164462 0.578679681 0.034474067 0.999040544 -0.027012259 -0.078797624 -0.998906016 0.035298716 0.030671045 5.151898861
0.029029876 0.025228340 0.999260068 0.617825329 0.036028128 0.999005497 -0.026268577 -0.080090411 -0.998929083 0.036764052 0.028092073 5.152947903
0.028414598 0.024923125 0.999285519 0.660370946 0.040342931 0.998845994 -0.026059316 -0.081521980 -0.998781860 0.041054573 0.027376337 5.153840065
0.029471435 0.024535239 0.999264419 0.702124119 0.043592151 0.998716056 -0.025807448 -0.082669735 -0.998614669 0.044320658 0.028364049 5.154565811
0.031711519 0.024419757 0.999198616 0.746868074 0.045352917 0.998636723 -0.025845384 -0.084256135 -0.998467624 0.046136167 0.030560773 5.156216621
0.035655990 0.024461322 0.999064744 0.790260553 0.047612235 0.998523653 -0.026147326 -0.085321352 -0.998229325 0.048500005 0.034438688 5.157447338
0.040022582 0.023811251 0.998915076 0.836800456 0.048170529 0.998507679 -0.025731547 -0.087031379 -0.998036981 0.049148105 0.038815849 5.159316063
0.044162665 0.022331087 0.998774707 0.882571518 0.049433939 0.998476803 -0.024510229 -0.088163957 -0.997800469 0.050455809 0.042991478 5.161154270
0.048044525 0.020647921 0.998631716 0.931272209 0.049375221 0.998515129 -0.023020960 -0.089557812 -0.997624040 0.050413691 0.046953682 5.163781643
0.052002795 0.018737078 0.998471141 0.978705347 0.046379615 0.998699844 -0.021156937 -0.090705343 -0.997569442 0.047408920 0.051066171 5.166850090
0.056245837 0.017849725 0.998257279 1.028774619 0.045450985 0.998757958 -0.020419566 -0.091965541 -0.997381926 0.046520293 0.055364691 5.169876099
0.059839841 0.018495301 0.998036563 1.077395439 0.042658444 0.998867571 -0.021068398 -0.093839467 -0.997296095 0.043835413 0.058983099 5.173737049
0.063247621 0.022334695 0.997747898 1.126999497 0.040326480 0.998875856 -0.024916254 -0.096000329 -0.997182786 0.041811556 0.062275834 5.176410675
0.064586803 0.027827820 0.997524023 1.176795006 0.034593184 0.998947859 -0.030107349 -0.097336963 -0.997312367 0.036452066 0.063556194 5.180483818
0.064230166 0.030748170 0.997461200 1.227840543 0.031713251 0.998957455 -0.032836419 -0.099446535 -0.997431099 0.033741821 0.063188076 5.184589386
0.064478889 0.030610258 0.997449398 1.277963281 0.029291794 0.999040723 -0.032552611 -0.101127259 -0.997489095 0.031316049 0.063520394 5.188000679
0.064300694 0.028399214 0.997526348 1.329089761 0.026607236 0.999190807 -0.030161709 -0.103936240 -0.997575819 0.028480841 0.063493036 5.191960335
0.064247638 0.027287455 0.997560859 1.379275918 0.027517127 0.999197543 -0.029104466 -0.105779216 -0.997554541 0.029319899 0.063445210 5.194986343
0.064615257 0.026160557 0.997567415 1.430485249 0.024481870 0.999313951 -0.027792122 -0.108666077 -0.997609973 0.026218109 0.063930474 5.198906898
0.064585432 0.026850604 0.997550845 1.479875803 0.023530826 0.999318898 -0.028421680 -0.110183597 -0.997634768 0.025308818 0.063909635 5.202681541
0.064614296 0.027390124 0.997534394 1.531081676 0.020578315 0.999374092 -0.028773580 -0.112474635 -0.997698128 0.022386761 0.064010218 5.206335545
0.063150026 0.028700097 0.997591257 1.580064535 0.017268911 0.999405324 -0.029845456 -0.114576206 -0.997854590 0.019112060 0.062616870 5.210078239
0.059828579 0.028249562 0.997808814 1.631093860 0.013883869 0.999479234 -0.029129330 -0.116767466 -0.998112082 0.015596214 0.059405200 5.214249611
0.056511626 0.027233683 0.998030365 1.680583596 0.012033858 0.999536693 -0.027956180 -0.118635073 -0.998329401 0.013590006 0.056157712 5.216857433
0.051900081 0.024973586 0.998339891 1.731530905 0.010198453 0.999621868 -0.025535831 -0.120589502 -0.998600245 0.011506835 0.051625762 5.219645500
0.045609385 0.022964519 0.998695493 1.780861974 0.007730839 0.999697626 -0.023340629 -0.122485369 -0.998929381 0.008785305 0.045418058 5.222067833
0.038009688 0.023398535 0.999003470 1.832150102 0.007902347 0.999687493 -0.023715224 -0.124074608 -0.999246120 0.008795879 0.037812907 5.224493980
0.029441617 0.023993781 0.999278486 1.879544377 0.007287248 0.999680161 -0.024218125 -0.126285121 -0.999539971 0.007995011 0.029257357 5.225608826
0.019443566 0.024601512 0.999508381 1.929575801 0.007783596 0.999663174 -0.024756743 -0.127865717 -0.999780655 0.008261126 0.019245528 5.226410866
0.009048787 0.023562998 0.999681413 1.977533221 0.009359140 0.999676585 -0.023647595 -0.129795924 -0.999915302 0.009570140 0.008825329 5.227096558
-0.000959265 0.022613518 0.999743819 2.027746677 0.009859256 0.999695957 -0.022602974 -0.131603584 -0.999950945 0.009835050 -0.001181926 5.226363659
-0.013007006 0.021781430 0.999678135 2.075167894 0.010042636 0.999715149 -0.021651570 -0.133536473 -0.999864995 0.009757781 -0.013222044 5.226347446
-0.024268650 0.021979237 0.999463797 2.124378920 0.010129643 0.999712348 -0.021738740 -0.135274932 -0.999654233 0.009596638 -0.024484310 5.225615025
-0.035006098 0.022823544 0.999126434 2.171115637 0.010204652 0.999695241 -0.022479003 -0.136726737 -0.999334991 0.009408834 -0.035228334 5.223468304
-0.045259945 0.023702307 0.998694003 2.219861031 0.010329528 0.999676168 -0.023257494 -0.138628542 -0.998921871 0.009263405 -0.045490123 5.220979214
-0.056254495 0.025130745 0.998100162 2.266149759 0.010515514 0.999642611 -0.024576906 -0.139913514 -0.998361230 0.009112975 -0.056498647 5.219223499
-0.065797277 0.026403464 0.997483611 2.314394236 0.011545664 0.999603033 -0.025697971 -0.141395673 -0.997766256 0.009825756 -0.066076003 5.216281891
-0.075870879 0.026350873 0.996769369 2.360274792 0.012049948 0.999602020 -0.025508557 -0.143495202 -0.997044861 0.010075661 -0.076158203 5.213133812
-0.085525498 0.027030075 0.995969296 2.406661034 0.013008950 0.999576986 -0.026010891 -0.144712165 -0.996251047 0.010731921 -0.085840963 5.209808350
-0.093252249 0.026311167 0.995294809 2.450699806 0.014213557 0.999584079 -0.025092844 -0.146851659 -0.995541215 0.011806716 -0.093587428 5.204024315
-0.100560009 0.025153693 0.994612932 2.496214867 0.015523789 0.999598324 -0.023710243 -0.148785681 -0.994809985 0.013055860 -0.100910105 5.199237823
-0.106129229 0.023492139 0.994074762 2.541673422 0.018794378 0.999589682 -0.021615947 -0.150585711 -0.994174778 0.016388934 -0.106527202 5.195000648
-0.109582201 0.022088083 0.993732333 2.582556248 0.021816993 0.999565661 -0.019811910 -0.151716158 -0.993738294 0.019509213 -0.110016502 5.189339638
-0.112282738 0.020805771 0.993458509 2.626693249 0.023837369 0.999549448 -0.018239181 -0.153549865 -0.993390381 0.021633489 -0.112728097 5.184472084
-0.114121899 0.019856175 0.993268371 2.669331074 0.023368802 0.999577284 -0.017297331 -0.154927030 -0.993191898 0.021237487 -0.114537679 5.179779530
-0.115111239 0.020115672 0.993148983 2.707175732 0.023454281 0.999571264 -0.017527275 -0.156970024 -0.993075669 0.021276006 -0.115533687 5.175642014
-0.114174448 0.020954719 0.993239701 2.748428583 0.024246596 0.999538481 -0.018300423 -0.158569008 -0.993164718 0.021993242 -0.114629835 5.170962811
-0.111397825 0.022452623 0.993522227 2.785838842 0.024945127 0.999492943 -0.019790599 -0.160104737 -0.993462741 0.022578910 -0.111901417 5.166650295
-0.105682679 0.023278957 0.994127333 2.821856737 0.025354834 0.999463975 -0.020708522 -0.160948887 -0.994076610 0.023017405 -0.106216259 5.162215233
-0.097935982 0.024203045 0.994898319 2.858439922 0.025005259 0.999448419 -0.021852264 -0.162187099 -0.994878531 0.022737565 -0.098487176 5.159134388
-0.086567029 0.024103336 0.995954335 2.892654419 0.024007432 0.999467432 -0.022101661 -0.163659617 -0.995956779 0.021997033 -0.087099567 5.156357765
-0.072864242 0.024341417 0.997044861 2.927218437 0.023330290 0.999470294 -0.022695640 -0.165164277 -0.997069001 0.021607641 -0.073393546 5.154451847
-0.055625003 0.025191065 0.998133838 2.958988428 0.021779526 0.999474466 -0.024011143 -0.167220235 -0.998214185 0.020403260 -0.056144401 5.153360367
-0.034150980 0.027826056 0.999029160 2.992494583 0.019622397 0.999438345 -0.027166678 -0.168462008 -0.999224186 0.018675582 -0.034677811 5.152742386
-0.009897972 0.030925777 0.999472678 3.023457766 0.018055262 0.999364138 -0.030743614 -0.169811487 -0.999788165 0.017741440 -0.010450052 5.154332161
0.018742813 0.032551497 0.999294281 3.055062771 0.016250607 0.999327958 -0.032857381 -0.171160400 -0.999692261 0.016854979 0.018201236 5.155857086
0.051826864 0.031945724 0.998144984 3.086382627 0.013719910 0.999371111 -0.032697346 -0.172859266 -0.998561919 0.015389062 0.051355988 5.158758163
0.090300187 0.029754022 0.995469987 3.115534782 0.013203171 0.999430001 -0.031070057 -0.174013615 -0.995827079 0.015948996 0.089855894 5.161978245
0.132396072 0.025998283 0.990855873 3.146368742 0.011319579 0.999551177 -0.027738933 -0.175223544 -0.991132319 0.014888596 0.132042378 5.167789936
0.177867085 0.021488305 0.983819962 3.175626755 0.008088509 0.999695897 -0.023297405 -0.177078068 -0.984021246 0.012101477 0.177639186 5.174370289
0.226604968 0.018524056 0.973810554 3.203600168 0.003659461 0.999795854 -0.019869912 -0.177770972 -0.973979890 0.008066243 0.226490960 5.182312489
0.278130800 0.017004056 0.960392773 3.231845856 -0.000137377 0.999844074 -0.017662775 -0.178949028 -0.960543275 0.004780626 0.278089762 5.192494869
0.333037406 0.016775364 0.942764342 3.259066105 -0.000967027 0.999847293 -0.017449476 -0.179669425 -0.942913115 0.004899651 0.333002776 5.203545094
0.390694916 0.017257737 0.920358479 3.284905195 0.000896160 0.999816656 -0.019128086 -0.180741221 -0.920519829 0.008298034 0.390607774 5.216577053
0.450420111 0.020810092 0.892574131 3.309376240 0.001814831 0.999704838 -0.024223633 -0.181508213 -0.892814875 0.012530684 0.450249523 5.231052399
0.509776175 0.024540896 0.859956980 3.332711220 0.002540692 0.999545753 -0.030030498 -0.182362482 -0.860303223 0.017493717 0.509482324 5.247347832
0.567708075 0.028878193 0.822723269 3.354626656 -0.001769740 0.999425054 -0.033859376 -0.183186665 -0.823227942 0.017766243 0.567432761 5.265412331
0.623271704 0.031763636 0.781360090 3.374953270 -0.005461673 0.999327123 -0.036267739 -0.183919370 -0.781986296 0.018337123 0.623025894 5.284886837
0.675700843 0.032108136 0.736476362 3.394081831 -0.007057148 0.999286950 -0.037091102 -0.185351282 -0.737142146 0.019865073 0.675445676 5.305862427
0.724674642 0.030219279 0.688428223 3.412038088 -0.007535290 0.999325871 -0.035934415 -0.186409786 -0.689050019 0.020853259 0.724413753 5.327860355
0.769498944 0.026582820 0.638094604 3.427991629 -0.009146021 0.999489665 -0.030608933 -0.187271386 -0.638582647 0.017717516 0.769349158 5.351511955
0.810963035 0.020953039 0.584722042 3.443176270 -0.009258501 0.999692976 -0.022982374 -0.188350663 -0.585024178 0.013224205 0.810907900 5.376171589
0.847482860 0.018946158 0.530484438 3.456323385 -0.011846509 0.999788880 -0.016781731 -0.188801929 -0.530690491 0.007937838 0.847528517 5.402080059
0.878584087 0.014651618 0.477362812 3.467885733 -0.011743218 0.999889910 -0.009076114 -0.189639717 -0.477443188 0.002368354 0.878659427 5.428647041
0.904201865 0.015223447 0.426834077 3.477940559 -0.015278067 0.999878049 -0.003296668 -0.190558970 -0.426832110 -0.003540347 0.904323936 5.455622196
0.924400032 0.016908715 0.381049246 3.486828327 -0.018492574 0.999828935 0.000495265 -0.191264912 -0.380975634 -0.007504405 0.924554646 5.483408928
0.939688206 0.022853727 0.341268003 3.494572639 -0.025435969 0.999671698 0.003093335 -0.191535816 -0.341085285 -0.011587252 0.939960897 5.512145996
0.951610208 0.027030433 0.306116909 3.502392530 -0.029097158 0.999574244 0.002189438 -0.191592515 -0.305927396 -0.010990624 0.951991439 5.543015957
0.960888565 0.029097196 0.275402516 3.508752346 -0.031031031 0.999514937 0.002666222 -0.191776559 -0.275191307 -0.011107967 0.961325288 5.570823669
0.967097282 0.023591628 0.253310829 3.516340733 -0.025076065 0.999682069 0.002632589 -0.191882089 -0.253168166 -0.008898008 0.967381418 5.600681305
0.971034825 0.020292044 0.238074824 3.523580551 -0.021682313 0.999759734 0.003222142 -0.192077294 -0.237952217 -0.008290824 0.971241534 5.633260250
0.974000514 0.024586899 0.225207567 3.529407501 -0.025923960 0.999659479 0.002981362 -0.192285761 -0.225057587 -0.008742121 0.974306285 5.663199902
0.976017118 0.029884240 0.215633109 3.535448790 -0.031409334 0.999499977 0.003648510 -0.192242578 -0.215416238 -0.010333901 0.976467609 5.695321560
0.977071702 0.037454940 0.209590241 3.541444778 -0.038772881 0.999245703 0.002181378 -0.192160442 -0.209350437 -0.010257778 0.977786899 5.727918148
0.977408826 0.043675102 0.206796020 3.547953844 -0.044346314 0.999015272 -0.001390841 -0.192431763 -0.206653133 -0.007811220 0.978383124 5.763155460
0.977533460 0.044889264 0.205944821 3.554509401 -0.045042995 0.998977244 -0.003944331 -0.193044573 -0.205911279 -0.005420657 0.978555620 5.795807838
0.977046907 0.043304294 0.208576322 3.561788797 -0.042707864 0.999060452 -0.007364285 -0.193710268 -0.208699271 -0.001712597 0.977978408 5.830893040
0.976126552 0.042044383 0.213094145 3.569648266 -0.040008724 0.999103069 -0.013858197 -0.193904281 -0.213485703 0.005001730 0.976933420 5.868787289
0.975371242 0.042294163 0.216476813 3.577953815 -0.039101593 0.999054372 -0.019011734 -0.194028035 -0.217076167 0.010078912 0.976102591 5.902431965
0.973931670 0.047717415 0.221766070 3.585583210 -0.044871468 0.998833120 -0.017856620 -0.195721090 -0.222359374 0.007440157 0.974936366 5.942318439
0.972678483 0.050310917 0.226639315 3.594002247 -0.048319776 0.998729169 -0.014328372 -0.195861831 -0.227072150 0.002985737 0.973873377 5.977366447
0.971612036 0.047199327 0.231823578 3.603446960 -0.046155285 0.998885036 -0.009928515 -0.196623072 -0.232033715 -0.001053218 0.972707212 6.018088341
0.970972836 0.043233912 0.235250175 3.613369465 -0.043480065 0.999045670 -0.004143230 -0.197390914 -0.235204816 -0.006205730 0.971926093 6.055823803
0.970329881 0.040472843 0.238373697 3.624663830 -0.041795138 0.999126077 0.000493385 -0.198069200 -0.238145396 -0.010441609 0.971173406 6.097587585
0.969627678 0.035696410 0.241966575 3.633812428 -0.037028689 0.999313772 0.000959391 -0.198396489 -0.241766244 -0.009889960 0.970284104 6.136475086
0.969484329 0.032426387 0.242999449 3.644235611 -0.032916855 0.999456108 -0.002042661 -0.198887020 -0.242933452 -0.006018453 0.970024347 6.179856777
0.969813645 0.031835094 0.241760269 3.654930353 -0.030492863 0.999491870 -0.009292345 -0.199322864 -0.241933197 0.001639881 0.970291555 6.219260693
0.969890356 0.034182146 0.241131380 3.665514946 -0.031178165 0.999381602 -0.016263364 -0.199621141 -0.241538137 0.008255644 0.970356226 6.263473511
0.970468879 0.037449483 0.238301724 3.674875736 -0.033735409 0.999237716 -0.019646361 -0.200442821 -0.238855854 0.011026973 0.970992506 6.303839684
0.970975697 0.036354050 0.236399516 3.685529709 -0.033771042 0.999317408 -0.014967820 -0.201372415 -0.236782357 0.006549930 0.971540689 6.350461483
0.971598744 0.031891961 0.234475702 3.696614265 -0.030931532 0.999491215 -0.007773532 -0.201965123 -0.234604359 0.000300060 0.972090960 6.392997742
0.972194314 0.032149561 0.231958359 3.708169460 -0.032670099 0.999464929 -0.001597996 -0.202901155 -0.231885657 -0.006024542 0.972724438 6.441728592
0.972448349 0.035719734 0.230365023 3.717683315 -0.036107808 0.999344707 -0.002532251 -0.203646153 -0.230304524 -0.005855494 0.973100901 6.484941006
0.972708642 0.041043535 0.228370696 3.728241920 -0.040387496 0.999155521 -0.007547438 -0.204076797 -0.228487626 -0.001881863 0.973545015 6.534417629
0.973594844 0.042179912 0.224352196 3.738009453 -0.040387772 0.999104977 -0.012573244 -0.204776645 -0.224681780 0.003180155 0.974427044 6.578454494
0.974509895 0.041110724 0.220545530 3.749255657 -0.038683876 0.999134123 -0.015313487 -0.205803007 -0.220984161 0.006391589 0.975256503 6.629493237
0.975518882 0.038733236 0.216477737 3.759568691 -0.036614422 0.999234319 -0.013791356 -0.206655160 -0.216846168 0.005527520 0.976190090 6.674990654
0.976385534 0.035149083 0.213157296 3.771327496 -0.033360902 0.999371648 -0.011981313 -0.207532242 -0.213444471 0.004587261 0.976944447 6.727964401
0.976811469 0.033612061 0.211446345 3.781140804 -0.032466665 0.999433279 -0.008887382 -0.208648652 -0.211625278 0.001816340 0.977349222 6.774456024
0.977236629 0.030138377 0.210000217 3.793339729 -0.029355126 0.999545634 -0.006846557 -0.209017798 -0.210111156 0.000526126 0.977677405 6.828060627
0.977408230 0.025468869 0.209819674 3.803271770 -0.024886498 0.999675512 -0.005415807 -0.209994376 -0.209889561 0.000071778 0.977725148 6.875750065
0.977538824 0.026062408 0.209137425 3.815012932 -0.025786096 0.999659240 -0.004048167 -0.210633099 -0.209171668 -0.001435598 0.977877915 6.930170059
0.977266669 0.031768173 0.209620163 3.824515820 -0.031264588 0.999494791 -0.005716498 -0.211798549 -0.209695876 -0.000967142 0.977766097 6.978494644
0.976971328 0.037213434 0.210100055 3.835538864 -0.036071703 0.999306262 -0.009265024 -0.212259442 -0.210299119 0.001472996 0.977635920 7.033177376
0.976468921 0.046043556 0.210685462 3.845623493 -0.044771291 0.998938799 -0.010807175 -0.213162065 -0.210959479 0.001120211 0.977494180 7.082217216
0.975495577 0.051999059 0.213786140 3.857012272 -0.050992731 0.998646617 -0.010222845 -0.214373142 -0.214028403 -0.000929199 0.976826966 7.137812614
0.974649191 0.054740943 0.216939315 3.866815090 -0.054256085 0.998493493 -0.008195016 -0.215253592 -0.217061087 -0.003783012 0.976150632 7.187218189
0.974063277 0.054967567 0.219498023 3.879455328 -0.054272003 0.998483777 -0.009202136 -0.216270655 -0.219670996 -0.002949135 0.975569606 7.243551731
0.973696113 0.053613223 0.221453086 3.889875889 -0.052272655 0.998561740 -0.011914187 -0.217194289 -0.221773311 0.000024858 0.975098312 7.292334080
0.973766863 0.047575340 0.222518757 3.903335571 -0.046400946 0.998867691 -0.010505898 -0.218575686 -0.222766608 -0.000094785 0.974871933 7.348008633
0.973983645 0.041255154 0.222831309 3.916961193 -0.039588984 0.999144673 -0.011941062 -0.220174283 -0.223133326 0.002808737 0.974783957 7.404869080
0.973751009 0.040073171 0.224060595 3.926937580 -0.038330816 0.999191523 -0.012122205 -0.220986754 -0.224365249 0.003215583 0.974499822 7.449193954
0.973203182 0.042338248 0.226015404 3.939818621 -0.041337594 0.999103248 -0.009160411 -0.222116351 -0.226200566 -0.000427994 0.974080741 7.507023335
0.972908318 0.044349410 0.226897359 3.950647116 -0.044714727 0.998993635 -0.003532150 -0.223075449 -0.226825595 -0.006709195 0.973912299 7.554471016
0.972474515 0.048164818 0.227976948 3.963271856 -0.049546767 0.998771667 0.000339138 -0.224014193 -0.227680609 -0.011625325 0.973666549 7.610969067
0.972304285 0.047276005 0.228886932 3.974393129 -0.047184128 0.998869002 -0.005877171 -0.225200087 -0.228905931 -0.005085431 0.973435402 7.658643246
0.972599745 0.042764358 0.228519052 3.987994671 -0.039135542 0.999025941 -0.020389942 -0.226441920 -0.229168445 0.010888039 0.973325968 7.713602066
0.972867489 0.040604282 0.227772370 4.001109600 -0.034792945 0.998959899 -0.029472973 -0.227892742 -0.228732198 0.020748423 0.973268330 7.768388748
0.973136425 0.037976272 0.227075815 4.011186600 -0.034324527 0.999210358 -0.020010222 -0.229093701 -0.227656364 0.011678405 0.973671496 7.812261581
0.973638594 0.031476084 0.225914314 4.024907112 -0.032487314 0.999471903 0.000758942 -0.230323955 -0.225771070 -0.008078285 0.974146903 7.868517876
0.973880589 0.027207876 0.225425303 4.037417412 -0.031533387 0.999380827 0.015609270 -0.231794015 -0.224861011 -0.022309985 0.974135399 7.925704956
